config_id,seed,epoch,train_loss,train_acc,val_loss,val_acc,epoch_time
lr0.001_bs64_dr0.0_ls0.0,42,1,3.1555,0.3493,1.4430,0.5903,28.61
lr0.001_bs64_dr0.0_ls0.0,42,2,0.6302,0.8112,0.3567,0.8922,28.45
lr0.001_bs64_dr0.0_ls0.0,42,3,0.3028,0.9090,0.2587,0.9223,28.52
lr0.001_bs64_dr0.0_ls0.0,42,4,0.2018,0.9386,0.2054,0.9399,28.64
lr0.001_bs64_dr0.0_ls0.0,42,5,0.1631,0.9500,0.1577,0.9515,28.84
lr0.001_bs64_dr0.0_ls0.0,42,6,0.1358,0.9592,0.1527,0.9537,28.98
lr0.001_bs64_dr0.0_ls0.0,42,7,0.1191,0.9643,0.1417,0.9568,28.99
lr0.001_bs64_dr0.0_ls0.0,42,8,0.1041,0.9679,0.1183,0.9645,29.19
lr0.001_bs64_dr0.0_ls0.0,42,9,0.0947,0.9709,0.1005,0.9705,29.76
lr0.001_bs64_dr0.0_ls0.0,42,10,0.0843,0.9743,0.0883,0.9732,29.91
lr0.001_bs64_dr0.0_ls0.0,42,11,0.0809,0.9748,0.0838,0.9764,29.94
lr0.001_bs64_dr0.0_ls0.0,42,12,0.0732,0.9780,0.0868,0.9742,30.73
lr0.001_bs64_dr0.0_ls0.0,42,13,0.0673,0.9790,0.0835,0.9760,31.96
lr0.001_bs64_dr0.0_ls0.0,42,14,0.0652,0.9801,0.0791,0.9765,31.82
lr0.001_bs64_dr0.0_ls0.0,42,15,0.0604,0.9815,0.0684,0.9794,31.84
lr0.001_bs64_dr0.0_ls0.0,42,16,0.0540,0.9833,0.0579,0.9828,31.80
lr0.001_bs64_dr0.0_ls0.0,42,17,0.0537,0.9827,0.0661,0.9803,31.82
lr0.001_bs64_dr0.0_ls0.0,42,18,0.0488,0.9851,0.0714,0.9784,31.78
lr0.001_bs64_dr0.0_ls0.0,42,19,0.0477,0.9852,0.0558,0.9839,31.77
lr0.001_bs64_dr0.0_ls0.0,42,20,0.0419,0.9868,0.0570,0.9835,30.67
lr0.001_bs64_dr0.0_ls0.0,42,21,0.0454,0.9861,0.0552,0.9847,30.57
lr0.001_bs64_dr0.0_ls0.0,42,22,0.0399,0.9876,0.0517,0.9850,30.57
lr0.001_bs64_dr0.0_ls0.0,42,23,0.0392,0.9874,0.0594,0.9829,30.63
lr0.001_bs64_dr0.0_ls0.0,42,24,0.0385,0.9880,0.0565,0.9836,30.42
lr0.001_bs64_dr0.0_ls0.0,42,25,0.0383,0.9881,0.0523,0.9842,30.46
lr0.001_bs64_dr0.0_ls0.0,42,26,0.0323,0.9893,0.0535,0.9840,30.55
lr0.001_bs64_dr0.0_ls0.0,42,27,0.0336,0.9896,0.0568,0.9855,30.70
lr0.001_bs64_dr0.0_ls0.0,42,28,0.0318,0.9900,0.0481,0.9871,30.64
lr0.001_bs64_dr0.0_ls0.0,42,29,0.0313,0.9902,0.0569,0.9834,30.74
lr0.001_bs64_dr0.0_ls0.0,42,30,0.0300,0.9906,0.0540,0.9849,30.72
lr0.001_bs64_dr0.0_ls0.0,42,31,0.0259,0.9915,0.0487,0.9859,30.58
lr0.001_bs64_dr0.0_ls0.0,42,32,0.0274,0.9913,0.0489,0.9856,30.64
lr0.001_bs64_dr0.0_ls0.0,42,33,0.0291,0.9911,0.0450,0.9874,30.71
lr0.001_bs64_dr0.0_ls0.0,42,34,0.0285,0.9914,0.0507,0.9873,31.23
lr0.001_bs64_dr0.0_ls0.0,42,35,0.0249,0.9920,0.0416,0.9896,31.27
lr0.001_bs64_dr0.0_ls0.0,42,36,0.0224,0.9933,0.0517,0.9868,31.23
lr0.001_bs64_dr0.0_ls0.0,42,37,0.0244,0.9925,0.0428,0.9895,31.20
lr0.001_bs64_dr0.0_ls0.0,42,38,0.0238,0.9925,0.0421,0.9876,31.04
lr0.001_bs64_dr0.0_ls0.0,42,39,0.0220,0.9930,0.0424,0.9882,31.02
lr0.001_bs64_dr0.0_ls0.0,42,40,0.0219,0.9928,0.0404,0.9889,31.04
lr0.001_bs64_dr0.0_ls0.0,42,41,0.0220,0.9931,0.0415,0.9898,31.01
lr0.001_bs64_dr0.0_ls0.0,42,42,0.0209,0.9937,0.0439,0.9890,30.87
lr0.001_bs64_dr0.0_ls0.0,42,43,0.0203,0.9935,0.0508,0.9859,30.85
lr0.001_bs64_dr0.0_ls0.0,42,44,0.0212,0.9933,0.0387,0.9901,30.88
lr0.001_bs64_dr0.0_ls0.0,42,45,0.0183,0.9943,0.0466,0.9868,31.02
lr0.001_bs64_dr0.0_ls0.0,42,46,0.0198,0.9937,0.0343,0.9903,31.18
lr0.001_bs64_dr0.0_ls0.0,42,47,0.0177,0.9945,0.0356,0.9901,31.16
lr0.001_bs64_dr0.0_ls0.0,42,48,0.0188,0.9941,0.0440,0.9888,31.15
lr0.001_bs64_dr0.0_ls0.0,42,49,0.0180,0.9942,0.0420,0.9886,31.17
lr0.001_bs64_dr0.0_ls0.0,42,50,0.0178,0.9947,0.0436,0.9887,31.13
lr0.001_bs64_dr0.0_ls0.0,42,51,0.0164,0.9949,0.0388,0.9903,31.13
lr0.001_bs64_dr0.0_ls0.0,42,52,0.0167,0.9944,0.0410,0.9889,31.10
lr0.001_bs64_dr0.0_ls0.0,42,53,0.0088,0.9973,0.0301,0.9922,31.12
lr0.001_bs64_dr0.0_ls0.0,42,54,0.0076,0.9976,0.0334,0.9917,31.16
lr0.001_bs64_dr0.0_ls0.0,42,55,0.0077,0.9975,0.0280,0.9936,31.08
lr0.001_bs64_dr0.0_ls0.0,42,56,0.0068,0.9977,0.0315,0.9919,31.11
lr0.001_bs64_dr0.0_ls0.0,42,57,0.0063,0.9981,0.0323,0.9921,31.05
lr0.001_bs64_dr0.0_ls0.0,42,58,0.0086,0.9973,0.0389,0.9906,31.10
lr0.001_bs64_dr0.0_ls0.0,42,59,0.0066,0.9980,0.0340,0.9916,31.06
lr0.001_bs64_dr0.0_ls0.0,42,60,0.0071,0.9978,0.0278,0.9931,30.89
lr0.001_bs64_dr0.0_ls0.0,42,61,0.0063,0.9980,0.0332,0.9917,30.91
lr0.001_bs64_dr0.0_ls0.0,42,62,0.0071,0.9976,0.0315,0.9930,30.91
lr0.001_bs64_dr0.0_ls0.0,42,63,0.0056,0.9981,0.0270,0.9942,30.92
lr0.001_bs64_dr0.0_ls0.0,42,64,0.0061,0.9980,0.0318,0.9925,30.93
lr0.001_bs64_dr0.0_ls0.0,42,65,0.0059,0.9982,0.0292,0.9931,30.89
lr0.001_bs64_dr0.0_ls0.0,42,66,0.0058,0.9981,0.0293,0.9930,30.94
lr0.001_bs64_dr0.0_ls0.0,42,67,0.0056,0.9982,0.0298,0.9937,30.91
lr0.001_bs64_dr0.0_ls0.0,42,68,0.0073,0.9976,0.0275,0.9934,30.92
lr0.001_bs64_dr0.0_ls0.0,42,69,0.0062,0.9982,0.0335,0.9926,30.89
lr0.001_bs64_dr0.0_ls0.0,42,70,0.0035,0.9988,0.0267,0.9946,30.92
lr0.001_bs64_dr0.0_ls0.0,42,71,0.0031,0.9992,0.0238,0.9954,30.90
lr0.001_bs64_dr0.0_ls0.0,42,72,0.0025,0.9993,0.0321,0.9935,30.93
lr0.001_bs64_dr0.0_ls0.0,42,73,0.0034,0.9989,0.0256,0.9940,30.87
lr0.001_bs64_dr0.0_ls0.0,42,74,0.0026,0.9992,0.0244,0.9942,30.89
lr0.001_bs64_dr0.0_ls0.0,42,75,0.0028,0.9991,0.0270,0.9944,30.81
lr0.001_bs64_dr0.0_ls0.0,42,76,0.0025,0.9992,0.0241,0.9946,30.84
lr0.001_bs64_dr0.0_ls0.0,42,77,0.0033,0.9990,0.0291,0.9940,30.80
lr0.001_bs64_dr0.0_ls0.0,42,78,0.0019,0.9994,0.0257,0.9945,30.81
lr0.001_bs64_dr0.0_ls0.0,42,79,0.0018,0.9995,0.0242,0.9950,30.65
lr0.001_bs64_dr0.0_ls0.0,42,80,0.0019,0.9994,0.0288,0.9940,30.67
lr0.001_bs64_dr0.0_ls0.0,42,81,0.0015,0.9996,0.0249,0.9946,30.63
lr0.001_bs64_dr0.0_ls0.0,42,82,0.0014,0.9996,0.0265,0.9946,30.69
lr0.001_bs64_dr0.0_ls0.0,42,83,0.0013,0.9996,0.0254,0.9948,30.67
lr0.001_bs64_dr0.0_ls0.0,42,84,0.0012,0.9997,0.0246,0.9953,30.67
lr0.001_bs64_dr0.0_ls0.0,42,85,0.0012,0.9996,0.0232,0.9944,30.62
lr0.001_bs64_dr0.0_ls0.0,42,86,0.0011,0.9997,0.0232,0.9947,30.65
lr0.001_bs64_dr0.0_ls0.0,42,87,0.0011,0.9997,0.0253,0.9946,30.74
lr0.001_bs64_dr0.0_ls0.0,42,88,0.0008,0.9998,0.0244,0.9950,31.00
lr0.001_bs64_dr0.0_ls0.0,42,89,0.0008,0.9998,0.0222,0.9955,30.96
lr0.001_bs64_dr0.0_ls0.0,42,90,0.0010,0.9997,0.0240,0.9944,31.00
lr0.001_bs64_dr0.0_ls0.0,42,91,0.0009,0.9998,0.0224,0.9960,31.00
lr0.001_bs64_dr0.0_ls0.0,42,92,0.0008,0.9998,0.0229,0.9955,30.96
lr0.001_bs64_dr0.0_ls0.0,42,93,0.0007,0.9998,0.0251,0.9947,30.86
lr0.001_bs64_dr0.0_ls0.0,42,94,0.0014,0.9997,0.0218,0.9953,30.82
lr0.001_bs64_dr0.0_ls0.0,42,95,0.0010,0.9997,0.0249,0.9944,30.64
lr0.001_bs64_dr0.0_ls0.0,42,96,0.0007,0.9998,0.0255,0.9950,30.80
lr0.001_bs64_dr0.0_ls0.0,42,97,0.0011,0.9997,0.0256,0.9943,31.10
lr0.001_bs64_dr0.0_ls0.0,42,98,0.0011,0.9997,0.0251,0.9952,31.09
lr0.001_bs64_dr0.0_ls0.0,42,99,0.0006,0.9999,0.0243,0.9948,31.14
lr0.001_bs64_dr0.0_ls0.0,42,100,0.0009,0.9997,0.0235,0.9950,31.09
lr0.001_bs64_dr0.0_ls0.1,42,1,3.4558,0.3461,1.8563,0.6306,31.33
lr0.001_bs64_dr0.0_ls0.1,42,2,1.3476,0.8203,1.1547,0.8886,31.33
lr0.001_bs64_dr0.0_ls0.1,42,3,1.0498,0.9216,1.0195,0.9269,31.26
lr0.001_bs64_dr0.0_ls0.1,42,4,0.9514,0.9492,0.9332,0.9531,31.25
lr0.001_bs64_dr0.0_ls0.1,42,5,0.8986,0.9625,0.8801,0.9673,31.51
lr0.001_bs64_dr0.0_ls0.1,42,6,0.8632,0.9701,0.8753,0.9623,31.48
lr0.001_bs64_dr0.0_ls0.1,42,7,0.8392,0.9744,0.8395,0.9702,31.47
lr0.001_bs64_dr0.0_ls0.1,42,8,0.8195,0.9778,0.8326,0.9715,31.43
lr0.001_bs64_dr0.0_ls0.1,42,9,0.8064,0.9802,0.8134,0.9730,31.46
lr0.001_bs64_dr0.0_ls0.1,42,10,0.7930,0.9820,0.7966,0.9771,31.44
lr0.001_bs64_dr0.0_ls0.1,42,11,0.7840,0.9825,0.7844,0.9796,31.43
lr0.001_bs64_dr0.0_ls0.1,42,12,0.7771,0.9843,0.7837,0.9801,31.43
lr0.001_bs64_dr0.0_ls0.1,42,13,0.7692,0.9853,0.7709,0.9837,31.39
lr0.001_bs64_dr0.0_ls0.1,42,14,0.7598,0.9870,0.7688,0.9825,31.44
lr0.001_bs64_dr0.0_ls0.1,42,15,0.7568,0.9875,0.7626,0.9833,31.44
lr0.001_bs64_dr0.0_ls0.1,42,16,0.7518,0.9882,0.7615,0.9836,31.39
lr0.001_bs64_dr0.0_ls0.1,42,17,0.7470,0.9895,0.7589,0.9841,31.37
lr0.001_bs64_dr0.0_ls0.1,42,18,0.7434,0.9899,0.7596,0.9844,31.39
lr0.001_bs64_dr0.0_ls0.1,42,19,0.7397,0.9907,0.7489,0.9865,31.17
lr0.001_bs64_dr0.0_ls0.1,42,20,0.7383,0.9904,0.7418,0.9880,31.16
lr0.001_bs64_dr0.0_ls0.1,42,21,0.7370,0.9908,0.7426,0.9867,31.15
lr0.001_bs64_dr0.0_ls0.1,42,22,0.7343,0.9912,0.7426,0.9867,31.13
lr0.001_bs64_dr0.0_ls0.1,42,23,0.7328,0.9912,0.7413,0.9864,31.14
lr0.001_bs64_dr0.0_ls0.1,42,24,0.7287,0.9925,0.7388,0.9867,31.11
lr0.001_bs64_dr0.0_ls0.1,42,25,0.7270,0.9928,0.7424,0.9877,31.09
lr0.001_bs64_dr0.0_ls0.1,42,26,0.7280,0.9925,0.7334,0.9893,31.11
lr0.001_bs64_dr0.0_ls0.1,42,27,0.7242,0.9935,0.7341,0.9890,31.10
lr0.001_bs64_dr0.0_ls0.1,42,28,0.7244,0.9931,0.7276,0.9913,31.10
lr0.001_bs64_dr0.0_ls0.1,42,29,0.7227,0.9935,0.7330,0.9889,31.06
lr0.001_bs64_dr0.0_ls0.1,42,30,0.7227,0.9934,0.7321,0.9894,31.06
lr0.001_bs64_dr0.0_ls0.1,42,31,0.7190,0.9945,0.7317,0.9890,31.08
lr0.001_bs64_dr0.0_ls0.1,42,32,0.7209,0.9937,0.7273,0.9910,30.94
lr0.001_bs64_dr0.0_ls0.1,42,33,0.7200,0.9937,0.7269,0.9913,30.93
lr0.001_bs64_dr0.0_ls0.1,42,34,0.7204,0.9938,0.7346,0.9873,30.92
lr0.001_bs64_dr0.0_ls0.1,42,35,0.7155,0.9951,0.7242,0.9913,30.91
lr0.001_bs64_dr0.0_ls0.1,42,36,0.7164,0.9946,0.7309,0.9890,30.71
lr0.001_bs64_dr0.0_ls0.1,42,37,0.7159,0.9950,0.7249,0.9908,30.73
lr0.001_bs64_dr0.0_ls0.1,42,38,0.7157,0.9949,0.7276,0.9905,30.81
lr0.001_bs64_dr0.0_ls0.1,42,39,0.7137,0.9952,0.7213,0.9916,30.96
lr0.001_bs64_dr0.0_ls0.1,42,40,0.7142,0.9952,0.7347,0.9882,30.90
lr0.001_bs64_dr0.0_ls0.1,42,41,0.7144,0.9952,0.7326,0.9887,30.86
lr0.001_bs64_dr0.0_ls0.1,42,42,0.7120,0.9960,0.7205,0.9924,30.91
lr0.001_bs64_dr0.0_ls0.1,42,43,0.7122,0.9959,0.7292,0.9896,30.92
lr0.001_bs64_dr0.0_ls0.1,42,44,0.7134,0.9949,0.7248,0.9917,30.90
lr0.001_bs64_dr0.0_ls0.1,42,45,0.7102,0.9964,0.7247,0.9908,30.92
lr0.001_bs64_dr0.0_ls0.1,42,46,0.7105,0.9959,0.7228,0.9912,30.90
lr0.001_bs64_dr0.0_ls0.1,42,47,0.7108,0.9959,0.7205,0.9915,30.68
lr0.001_bs64_dr0.0_ls0.1,42,48,0.7107,0.9958,0.7231,0.9917,30.73
lr0.001_bs64_dr0.0_ls0.1,42,49,0.7031,0.9979,0.7166,0.9926,30.73
lr0.001_bs64_dr0.0_ls0.1,42,50,0.7016,0.9984,0.7156,0.9933,30.72
lr0.001_bs64_dr0.0_ls0.1,42,51,0.7021,0.9982,0.7125,0.9940,31.03
lr0.001_bs64_dr0.0_ls0.1,42,52,0.7013,0.9983,0.7152,0.9937,31.00
lr0.001_bs64_dr0.0_ls0.1,42,53,0.7010,0.9985,0.7150,0.9930,30.98
lr0.001_bs64_dr0.0_ls0.1,42,54,0.7015,0.9984,0.7173,0.9928,31.02
lr0.001_bs64_dr0.0_ls0.1,42,55,0.7007,0.9985,0.7132,0.9937,31.01
lr0.001_bs64_dr0.0_ls0.1,42,56,0.7008,0.9984,0.7128,0.9939,31.00
lr0.001_bs64_dr0.0_ls0.1,42,57,0.7000,0.9986,0.7143,0.9937,31.03
lr0.001_bs64_dr0.0_ls0.1,42,58,0.6989,0.9989,0.7135,0.9933,30.96
lr0.001_bs64_dr0.0_ls0.1,42,59,0.6982,0.9991,0.7102,0.9944,31.11
lr0.001_bs64_dr0.0_ls0.1,42,60,0.6975,0.9994,0.7094,0.9946,31.49
lr0.001_bs64_dr0.0_ls0.1,42,61,0.6977,0.9992,0.7103,0.9946,31.48
lr0.001_bs64_dr0.0_ls0.1,42,62,0.6972,0.9994,0.7101,0.9947,31.46
lr0.001_bs64_dr0.0_ls0.1,42,63,0.6974,0.9992,0.7089,0.9947,31.19
lr0.001_bs64_dr0.0_ls0.1,42,64,0.6969,0.9994,0.7126,0.9939,31.19
lr0.001_bs64_dr0.0_ls0.1,42,65,0.6972,0.9992,0.7099,0.9944,31.18
lr0.001_bs64_dr0.0_ls0.1,42,66,0.6973,0.9992,0.7098,0.9947,31.24
lr0.001_bs64_dr0.0_ls0.1,42,67,0.6967,0.9994,0.7106,0.9947,30.97
lr0.001_bs64_dr0.0_ls0.1,42,68,0.6968,0.9994,0.7093,0.9949,31.04
lr0.001_bs64_dr0.0_ls0.1,42,69,0.6972,0.9992,0.7102,0.9949,31.04
lr0.001_bs64_dr0.0_ls0.1,42,70,0.6962,0.9996,0.7065,0.9956,31.04
lr0.001_bs64_dr0.0_ls0.1,42,71,0.6959,0.9997,0.7084,0.9953,31.02
lr0.001_bs64_dr0.0_ls0.1,42,72,0.6960,0.9995,0.7097,0.9951,30.96
lr0.001_bs64_dr0.0_ls0.1,42,73,0.6958,0.9996,0.7068,0.9954,30.99
lr0.001_bs64_dr0.0_ls0.1,42,74,0.6955,0.9997,0.7075,0.9951,31.01
lr0.001_bs64_dr0.0_ls0.1,42,75,0.6958,0.9995,0.7101,0.9947,30.99
lr0.001_bs64_dr0.0_ls0.1,42,76,0.6955,0.9997,0.7074,0.9957,31.00
lr0.001_bs64_dr0.0_ls0.1,42,77,0.6955,0.9996,0.7086,0.9949,30.98
lr0.001_bs64_dr0.0_ls0.1,42,78,0.6953,0.9998,0.7075,0.9952,30.94
lr0.001_bs64_dr0.0_ls0.1,42,79,0.6954,0.9997,0.7090,0.9955,30.95
lr0.001_bs64_dr0.0_ls0.1,42,80,0.6952,0.9997,0.7076,0.9954,30.83
lr0.001_bs64_dr0.0_ls0.1,42,81,0.6951,0.9999,0.7065,0.9959,30.81
lr0.001_bs64_dr0.0_ls0.1,42,82,0.6950,0.9998,0.7084,0.9955,30.82
lr0.001_bs64_dr0.0_ls0.1,42,83,0.6949,0.9998,0.7084,0.9953,30.81
lr0.001_bs64_dr0.0_ls0.1,42,84,0.6949,0.9998,0.7081,0.9953,30.83
lr0.001_bs64_dr0.0_ls0.1,42,85,0.6951,0.9998,0.7071,0.9955,30.77
lr0.001_bs64_dr0.0_ls0.1,42,86,0.6949,0.9998,0.7068,0.9955,30.84
lr0.001_bs64_dr0.0_ls0.1,42,87,0.6949,0.9998,0.7065,0.9959,30.86
lr0.001_bs64_dr0.0_ls0.1,42,88,0.6949,0.9998,0.7071,0.9956,30.84
lr0.001_bs64_dr0.0_ls0.1,42,89,0.6948,0.9998,0.7079,0.9955,30.82
lr0.001_bs64_dr0.0_ls0.1,42,90,0.6947,0.9999,0.7087,0.9951,30.83
lr0.001_bs64_dr0.0_ls0.1,42,91,0.6947,0.9999,0.7073,0.9956,30.85
lr0.001_bs64_dr0.0_ls0.1,42,92,0.6948,0.9998,0.7066,0.9956,30.85
lr0.001_bs64_dr0.0_ls0.1,42,93,0.6947,0.9999,0.7075,0.9953,30.87
lr0.001_bs64_dr0.0_ls0.1,42,94,0.6950,0.9998,0.7069,0.9953,30.83
lr0.001_bs64_dr0.0_ls0.1,42,95,0.6947,0.9998,0.7069,0.9956,30.77
lr0.001_bs64_dr0.0_ls0.1,42,96,0.6948,0.9999,0.7065,0.9958,30.84
lr0.001_bs64_dr0.0_ls0.1,42,97,0.6948,0.9998,0.7075,0.9953,30.82
lr0.001_bs64_dr0.0_ls0.1,42,98,0.6948,0.9998,0.7073,0.9955,30.82
lr0.001_bs64_dr0.0_ls0.1,42,99,0.6946,0.9999,0.7083,0.9947,30.87
lr0.001_bs64_dr0.0_ls0.1,42,100,0.6947,0.9999,0.7084,0.9947,30.85
lr0.001_bs64_dr0.1_ls0.0,42,1,3.0072,0.3739,1.4048,0.6007,32.61
lr0.001_bs64_dr0.1_ls0.0,42,2,0.6268,0.8125,0.5733,0.8296,32.93
lr0.001_bs64_dr0.1_ls0.0,42,3,0.3025,0.9097,0.3099,0.9057,32.62
lr0.001_bs64_dr0.1_ls0.0,42,4,0.2089,0.9363,0.2498,0.9239,32.40
lr0.001_bs64_dr0.1_ls0.0,42,5,0.1689,0.9484,0.1537,0.9546,32.39
lr0.001_bs64_dr0.1_ls0.0,42,6,0.1396,0.9578,0.2164,0.9353,32.37
lr0.001_bs64_dr0.1_ls0.0,42,7,0.1250,0.9616,0.1337,0.9584,32.41
lr0.001_bs64_dr0.1_ls0.0,42,8,0.1092,0.9665,0.1330,0.9598,32.19
lr0.001_bs64_dr0.1_ls0.0,42,9,0.0993,0.9697,0.1872,0.9435,32.25
lr0.001_bs64_dr0.1_ls0.0,42,10,0.0900,0.9722,0.0967,0.9695,32.18
lr0.001_bs64_dr0.1_ls0.0,42,11,0.0895,0.9718,0.0874,0.9742,32.08
lr0.001_bs64_dr0.1_ls0.0,42,12,0.0791,0.9761,0.0832,0.9758,32.28
lr0.001_bs64_dr0.1_ls0.0,42,13,0.0746,0.9771,0.1005,0.9700,32.50
lr0.001_bs64_dr0.1_ls0.0,42,14,0.0660,0.9795,0.0808,0.9768,32.48
lr0.001_bs64_dr0.1_ls0.0,42,15,0.0624,0.9807,0.0902,0.9744,32.50
lr0.001_bs64_dr0.1_ls0.0,42,16,0.0601,0.9812,0.0685,0.9798,32.47
lr0.001_bs64_dr0.1_ls0.0,42,17,0.0545,0.9834,0.0701,0.9792,32.49
lr0.001_bs64_dr0.1_ls0.0,42,18,0.0540,0.9831,0.0734,0.9784,32.44
lr0.001_bs64_dr0.1_ls0.0,42,19,0.0508,0.9840,0.0565,0.9834,32.46
lr0.001_bs64_dr0.1_ls0.0,42,20,0.0473,0.9850,0.0650,0.9809,32.48
lr0.001_bs64_dr0.1_ls0.0,42,21,0.0493,0.9852,0.0678,0.9806,32.48
lr0.001_bs64_dr0.1_ls0.0,42,22,0.0449,0.9862,0.0618,0.9823,32.43
lr0.001_bs64_dr0.1_ls0.0,42,23,0.0433,0.9864,0.0599,0.9824,32.43
lr0.001_bs64_dr0.1_ls0.0,42,24,0.0400,0.9877,0.0575,0.9822,32.45
lr0.001_bs64_dr0.1_ls0.0,42,25,0.0404,0.9871,0.0583,0.9828,32.48
lr0.001_bs64_dr0.1_ls0.0,42,26,0.0238,0.9925,0.0390,0.9883,32.45
lr0.001_bs64_dr0.1_ls0.0,42,27,0.0217,0.9932,0.0455,0.9867,32.45
lr0.001_bs64_dr0.1_ls0.0,42,28,0.0211,0.9936,0.0385,0.9895,32.46
lr0.001_bs64_dr0.1_ls0.0,42,29,0.0214,0.9936,0.0402,0.9885,32.48
lr0.001_bs64_dr0.1_ls0.0,42,30,0.0180,0.9943,0.0392,0.9891,32.42
lr0.001_bs64_dr0.1_ls0.0,42,31,0.0179,0.9941,0.0350,0.9895,32.45
lr0.001_bs64_dr0.1_ls0.0,42,32,0.0189,0.9942,0.0429,0.9877,32.43
lr0.001_bs64_dr0.1_ls0.0,42,33,0.0192,0.9940,0.0438,0.9882,32.40
lr0.001_bs64_dr0.1_ls0.0,42,34,0.0185,0.9943,0.0473,0.9869,32.39
lr0.001_bs64_dr0.1_ls0.0,42,35,0.0168,0.9945,0.0314,0.9916,32.38
lr0.001_bs64_dr0.1_ls0.0,42,36,0.0154,0.9952,0.0384,0.9903,32.40
lr0.001_bs64_dr0.1_ls0.0,42,37,0.0157,0.9949,0.0438,0.9885,32.41
lr0.001_bs64_dr0.1_ls0.0,42,38,0.0151,0.9952,0.0331,0.9908,32.39
lr0.001_bs64_dr0.1_ls0.0,42,39,0.0147,0.9952,0.0374,0.9894,32.14
lr0.001_bs64_dr0.1_ls0.0,42,40,0.0149,0.9952,0.0418,0.9891,32.16
lr0.001_bs64_dr0.1_ls0.0,42,41,0.0167,0.9946,0.0358,0.9915,32.13
lr0.001_bs64_dr0.1_ls0.0,42,42,0.0105,0.9964,0.0323,0.9921,32.11
lr0.001_bs64_dr0.1_ls0.0,42,43,0.0081,0.9972,0.0307,0.9931,32.11
lr0.001_bs64_dr0.1_ls0.0,42,44,0.0089,0.9974,0.0322,0.9911,32.11
lr0.001_bs64_dr0.1_ls0.0,42,45,0.0083,0.9974,0.0361,0.9911,32.07
lr0.001_bs64_dr0.1_ls0.0,42,46,0.0080,0.9975,0.0311,0.9924,31.92
lr0.001_bs64_dr0.1_ls0.0,42,47,0.0076,0.9976,0.0343,0.9909,31.97
lr0.001_bs64_dr0.1_ls0.0,42,48,0.0076,0.9977,0.0324,0.9925,31.98
lr0.001_bs64_dr0.1_ls0.0,42,49,0.0072,0.9976,0.0337,0.9910,31.98
lr0.001_bs64_dr0.1_ls0.0,42,50,0.0065,0.9977,0.0306,0.9924,31.97
lr0.001_bs64_dr0.1_ls0.0,42,51,0.0056,0.9983,0.0303,0.9930,31.99
lr0.001_bs64_dr0.1_ls0.0,42,52,0.0047,0.9985,0.0282,0.9935,32.02
lr0.001_bs64_dr0.1_ls0.0,42,53,0.0044,0.9985,0.0309,0.9923,31.97
lr0.001_bs64_dr0.1_ls0.0,42,54,0.0047,0.9986,0.0314,0.9926,31.94
lr0.001_bs64_dr0.1_ls0.0,42,55,0.0048,0.9985,0.0266,0.9940,31.99
lr0.001_bs64_dr0.1_ls0.0,42,56,0.0045,0.9987,0.0290,0.9930,32.01
lr0.001_bs64_dr0.1_ls0.0,42,57,0.0040,0.9988,0.0271,0.9932,31.96
lr0.001_bs64_dr0.1_ls0.0,42,58,0.0046,0.9986,0.0307,0.9931,31.98
lr0.001_bs64_dr0.1_ls0.0,42,59,0.0038,0.9989,0.0277,0.9929,32.01
lr0.001_bs64_dr0.1_ls0.0,42,60,0.0043,0.9987,0.0266,0.9935,32.03
lr0.001_bs64_dr0.1_ls0.0,42,61,0.0039,0.9987,0.0267,0.9934,32.04
lr0.001_bs64_dr0.1_ls0.0,42,62,0.0045,0.9985,0.0295,0.9926,32.09
lr0.001_bs64_dr0.1_ls0.0,42,63,0.0038,0.9989,0.0271,0.9931,32.14
lr0.001_bs64_dr0.1_ls0.0,42,64,0.0043,0.9987,0.0313,0.9921,32.06
lr0.001_bs64_dr0.1_ls0.0,42,65,0.0035,0.9990,0.0293,0.9928,32.08
lr0.001_bs64_dr0.1_ls0.0,42,66,0.0036,0.9989,0.0265,0.9938,32.11
lr0.001_bs64_dr0.1_ls0.0,42,67,0.0035,0.9989,0.0316,0.9926,32.24
lr0.001_bs64_dr0.1_ls0.0,42,68,0.0035,0.9989,0.0286,0.9937,32.48
lr0.001_bs64_dr0.1_ls0.0,42,69,0.0035,0.9990,0.0290,0.9930,32.48
lr0.001_bs64_dr0.1_ls0.0,42,70,0.0032,0.9991,0.0277,0.9944,32.50
lr0.001_bs64_dr0.1_ls0.0,42,71,0.0032,0.9990,0.0300,0.9929,32.26
lr0.001_bs64_dr0.1_ls0.0,42,72,0.0039,0.9989,0.0342,0.9921,32.31
lr0.001_bs64_dr0.1_ls0.0,42,73,0.0034,0.9989,0.0275,0.9937,32.28
lr0.001_bs64_dr0.1_ls0.0,42,74,0.0022,0.9993,0.0292,0.9931,32.31
lr0.001_bs64_dr0.1_ls0.0,42,75,0.0027,0.9992,0.0262,0.9938,32.28
lr0.001_bs64_dr0.1_ls0.0,42,76,0.0028,0.9991,0.0279,0.9931,32.26
lr0.001_bs64_dr0.1_ls0.0,42,77,0.0034,0.9991,0.0302,0.9927,32.27
lr0.001_bs64_dr0.1_ls0.0,42,78,0.0024,0.9993,0.0260,0.9942,32.28
lr0.001_bs64_dr0.1_ls0.0,42,79,0.0025,0.9992,0.0270,0.9932,32.31
lr0.001_bs64_dr0.1_ls0.0,42,80,0.0022,0.9994,0.0265,0.9937,32.28
lr0.001_bs64_dr0.1_ls0.0,42,81,0.0027,0.9991,0.0263,0.9944,32.31
lr0.001_bs64_dr0.1_ls0.0,42,82,0.0023,0.9994,0.0290,0.9933,32.31
lr0.001_bs64_dr0.1_ls0.0,42,83,0.0020,0.9994,0.0265,0.9940,32.31
lr0.001_bs64_dr0.1_ls0.0,42,84,0.0021,0.9995,0.0257,0.9944,32.32
lr0.001_bs64_dr0.1_ls0.0,42,85,0.0019,0.9994,0.0247,0.9944,32.27
lr0.001_bs64_dr0.1_ls0.0,42,86,0.0021,0.9993,0.0279,0.9938,32.32
lr0.001_bs64_dr0.1_ls0.0,42,87,0.0023,0.9993,0.0275,0.9936,32.33
lr0.001_bs64_dr0.1_ls0.0,42,88,0.0019,0.9995,0.0273,0.9940,32.46
lr0.001_bs64_dr0.1_ls0.0,42,89,0.0018,0.9994,0.0241,0.9939,32.75
lr0.001_bs64_dr0.1_ls0.0,42,90,0.0021,0.9994,0.0260,0.9935,32.51
lr0.001_bs64_dr0.1_ls0.0,42,91,0.0021,0.9994,0.0255,0.9942,32.27
lr0.001_bs64_dr0.1_ls0.0,42,92,0.0019,0.9995,0.0273,0.9936,32.28
lr0.001_bs64_dr0.1_ls0.0,42,93,0.0020,0.9994,0.0281,0.9940,32.11
lr0.001_bs64_dr0.1_ls0.0,42,94,0.0023,0.9992,0.0245,0.9944,32.06
lr0.001_bs64_dr0.1_ls0.0,42,95,0.0019,0.9995,0.0267,0.9939,32.07
lr0.001_bs64_dr0.1_ls0.0,42,96,0.0016,0.9995,0.0296,0.9938,32.10
lr0.001_bs64_dr0.1_ls0.0,42,97,0.0015,0.9995,0.0266,0.9947,32.09
lr0.001_bs64_dr0.1_ls0.0,42,98,0.0018,0.9995,0.0243,0.9944,32.07
lr0.001_bs64_dr0.1_ls0.0,42,99,0.0016,0.9994,0.0261,0.9943,32.10
lr0.001_bs64_dr0.1_ls0.0,42,100,0.0017,0.9995,0.0269,0.9930,32.07
lr0.001_bs64_dr0.1_ls0.1,42,1,3.5494,0.3244,2.0947,0.5718,32.07
lr0.001_bs64_dr0.1_ls0.1,42,2,1.4224,0.7958,1.3273,0.8245,32.41
lr0.001_bs64_dr0.1_ls0.1,42,3,1.0950,0.9098,1.0690,0.9132,32.88
lr0.001_bs64_dr0.1_ls0.1,42,4,0.9848,0.9416,1.0006,0.9306,32.81
lr0.001_bs64_dr0.1_ls0.1,42,5,0.9284,0.9566,0.9391,0.9465,32.71
lr0.001_bs64_dr0.1_ls0.1,42,6,0.8865,0.9662,0.9374,0.9441,31.89
lr0.001_bs64_dr0.1_ls0.1,42,7,0.8588,0.9705,0.8776,0.9623,31.92
lr0.001_bs64_dr0.1_ls0.1,42,8,0.8369,0.9752,0.8667,0.9615,31.96
lr0.001_bs64_dr0.1_ls0.1,42,9,0.8219,0.9771,0.8434,0.9632,31.99
lr0.001_bs64_dr0.1_ls0.1,42,10,0.8085,0.9795,0.8428,0.9643,31.92
lr0.001_bs64_dr0.1_ls0.1,42,11,0.7983,0.9806,0.7971,0.9769,32.08
lr0.001_bs64_dr0.1_ls0.1,42,12,0.7873,0.9829,0.8132,0.9712,32.38
lr0.001_bs64_dr0.1_ls0.1,42,13,0.7789,0.9845,0.7941,0.9767,32.56
lr0.001_bs64_dr0.1_ls0.1,42,14,0.7715,0.9855,0.7918,0.9760,32.52
lr0.001_bs64_dr0.1_ls0.1,42,15,0.7659,0.9865,0.7784,0.9795,32.43
lr0.001_bs64_dr0.1_ls0.1,42,16,0.7612,0.9873,0.7723,0.9800,32.07
lr0.001_bs64_dr0.1_ls0.1,42,17,0.7561,0.9875,0.7638,0.9824,32.09
lr0.001_bs64_dr0.1_ls0.1,42,18,0.7529,0.9885,0.7781,0.9779,31.90
lr0.001_bs64_dr0.1_ls0.1,42,19,0.7489,0.9889,0.7525,0.9853,31.73
lr0.001_bs64_dr0.1_ls0.1,42,20,0.7434,0.9906,0.7515,0.9857,31.77
lr0.001_bs64_dr0.1_ls0.1,42,21,0.7451,0.9890,0.7538,0.9834,32.10
lr0.001_bs64_dr0.1_ls0.1,42,22,0.7411,0.9902,0.7451,0.9862,32.11
lr0.001_bs64_dr0.1_ls0.1,42,23,0.7389,0.9903,0.7450,0.9870,32.16
lr0.001_bs64_dr0.1_ls0.1,42,24,0.7357,0.9915,0.7550,0.9832,32.13
lr0.001_bs64_dr0.1_ls0.1,42,25,0.7349,0.9918,0.7552,0.9825,32.64
lr0.001_bs64_dr0.1_ls0.1,42,26,0.7335,0.9916,0.7492,0.9844,32.88
lr0.001_bs64_dr0.1_ls0.1,42,27,0.7307,0.9924,0.7406,0.9878,32.64
lr0.001_bs64_dr0.1_ls0.1,42,28,0.7305,0.9921,0.7392,0.9863,32.63
lr0.001_bs64_dr0.1_ls0.1,42,29,0.7272,0.9930,0.7380,0.9874,32.66
lr0.001_bs64_dr0.1_ls0.1,42,30,0.7265,0.9935,0.7400,0.9871,32.64
lr0.001_bs64_dr0.1_ls0.1,42,31,0.7253,0.9935,0.7386,0.9876,32.39
lr0.001_bs64_dr0.1_ls0.1,42,32,0.7251,0.9937,0.7426,0.9848,32.42
lr0.001_bs64_dr0.1_ls0.1,42,33,0.7255,0.9929,0.7309,0.9894,32.35
lr0.001_bs64_dr0.1_ls0.1,42,34,0.7237,0.9939,0.7410,0.9864,32.12
lr0.001_bs64_dr0.1_ls0.1,42,35,0.7213,0.9944,0.7301,0.9900,32.15
lr0.001_bs64_dr0.1_ls0.1,42,36,0.7217,0.9936,0.7427,0.9858,32.20
lr0.001_bs64_dr0.1_ls0.1,42,37,0.7210,0.9942,0.7320,0.9890,32.19
lr0.001_bs64_dr0.1_ls0.1,42,38,0.7204,0.9945,0.7271,0.9899,32.56
lr0.001_bs64_dr0.1_ls0.1,42,39,0.7197,0.9944,0.7418,0.9853,32.77
lr0.001_bs64_dr0.1_ls0.1,42,40,0.7186,0.9949,0.7299,0.9899,32.68
lr0.001_bs64_dr0.1_ls0.1,42,41,0.7193,0.9945,0.7355,0.9881,32.72
lr0.001_bs64_dr0.1_ls0.1,42,42,0.7155,0.9957,0.7289,0.9898,32.52
lr0.001_bs64_dr0.1_ls0.1,42,43,0.7172,0.9952,0.7272,0.9905,32.50
lr0.001_bs64_dr0.1_ls0.1,42,44,0.7178,0.9946,0.7259,0.9905,32.48
lr0.001_bs64_dr0.1_ls0.1,42,45,0.7154,0.9952,0.7314,0.9890,32.46
lr0.001_bs64_dr0.1_ls0.1,42,46,0.7156,0.9952,0.7309,0.9890,32.47
lr0.001_bs64_dr0.1_ls0.1,42,47,0.7130,0.9961,0.7305,0.9899,32.45
lr0.001_bs64_dr0.1_ls0.1,42,48,0.7159,0.9951,0.7307,0.9892,32.47
lr0.001_bs64_dr0.1_ls0.1,42,49,0.7128,0.9962,0.7309,0.9892,32.24
lr0.001_bs64_dr0.1_ls0.1,42,50,0.7130,0.9960,0.7306,0.9887,32.29
lr0.001_bs64_dr0.1_ls0.1,42,51,0.7070,0.9973,0.7185,0.9921,32.08
lr0.001_bs64_dr0.1_ls0.1,42,52,0.7043,0.9981,0.7189,0.9924,31.90
lr0.001_bs64_dr0.1_ls0.1,42,53,0.7045,0.9979,0.7222,0.9909,31.88
lr0.001_bs64_dr0.1_ls0.1,42,54,0.7046,0.9980,0.7192,0.9922,32.36
lr0.001_bs64_dr0.1_ls0.1,42,55,0.7042,0.9981,0.7182,0.9928,33.21
lr0.001_bs64_dr0.1_ls0.1,42,56,0.7047,0.9978,0.7240,0.9907,32.70
lr0.001_bs64_dr0.1_ls0.1,42,57,0.7028,0.9985,0.7180,0.9927,32.03
lr0.001_bs64_dr0.1_ls0.1,42,58,0.7053,0.9977,0.7185,0.9917,32.07
lr0.001_bs64_dr0.1_ls0.1,42,59,0.7029,0.9985,0.7165,0.9925,31.80
lr0.001_bs64_dr0.1_ls0.1,42,60,0.7037,0.9981,0.7189,0.9925,31.81
lr0.001_bs64_dr0.1_ls0.1,42,61,0.7025,0.9985,0.7210,0.9913,31.76
lr0.001_bs64_dr0.1_ls0.1,42,62,0.7030,0.9983,0.7201,0.9916,31.80
lr0.001_bs64_dr0.1_ls0.1,42,63,0.7030,0.9983,0.7141,0.9939,31.80
lr0.001_bs64_dr0.1_ls0.1,42,64,0.7023,0.9985,0.7220,0.9914,31.72
lr0.001_bs64_dr0.1_ls0.1,42,65,0.7027,0.9983,0.7163,0.9932,31.72
lr0.001_bs64_dr0.1_ls0.1,42,66,0.7014,0.9988,0.7155,0.9933,31.78
lr0.001_bs64_dr0.1_ls0.1,42,67,0.7021,0.9985,0.7168,0.9930,31.78
lr0.001_bs64_dr0.1_ls0.1,42,68,0.7023,0.9983,0.7167,0.9929,31.82
lr0.001_bs64_dr0.1_ls0.1,42,69,0.7019,0.9984,0.7158,0.9935,32.07
lr0.001_bs64_dr0.1_ls0.1,42,70,0.7000,0.9991,0.7125,0.9942,32.27
lr0.001_bs64_dr0.1_ls0.1,42,71,0.6996,0.9991,0.7138,0.9938,32.28
lr0.001_bs64_dr0.1_ls0.1,42,72,0.6991,0.9992,0.7148,0.9938,32.34
lr0.001_bs64_dr0.1_ls0.1,42,73,0.6989,0.9993,0.7147,0.9931,32.36
lr0.001_bs64_dr0.1_ls0.1,42,74,0.6991,0.9992,0.7111,0.9942,32.11
lr0.001_bs64_dr0.1_ls0.1,42,75,0.6991,0.9992,0.7143,0.9937,32.05
lr0.001_bs64_dr0.1_ls0.1,42,76,0.6991,0.9990,0.7135,0.9940,31.92
lr0.001_bs64_dr0.1_ls0.1,42,77,0.6987,0.9992,0.7147,0.9933,31.91
lr0.001_bs64_dr0.1_ls0.1,42,78,0.6985,0.9994,0.7139,0.9935,31.88
lr0.001_bs64_dr0.1_ls0.1,42,79,0.6983,0.9994,0.7138,0.9937,31.88
lr0.001_bs64_dr0.1_ls0.1,42,80,0.6983,0.9994,0.7147,0.9935,32.05
lr0.001_bs64_dr0.1_ls0.1,42,81,0.6979,0.9995,0.7134,0.9937,32.50
lr0.001_bs64_dr0.1_ls0.1,42,82,0.6976,0.9996,0.7125,0.9940,32.53
lr0.001_bs64_dr0.1_ls0.1,42,83,0.6976,0.9995,0.7117,0.9939,32.53
lr0.001_bs64_dr0.1_ls0.1,42,84,0.6978,0.9995,0.7115,0.9945,32.44
lr0.001_bs64_dr0.1_ls0.1,42,85,0.6974,0.9995,0.7111,0.9945,32.42
lr0.001_bs64_dr0.1_ls0.1,42,86,0.6971,0.9996,0.7103,0.9952,32.44
lr0.001_bs64_dr0.1_ls0.1,42,87,0.6971,0.9996,0.7102,0.9947,32.44
lr0.001_bs64_dr0.1_ls0.1,42,88,0.6970,0.9996,0.7135,0.9936,32.14
lr0.001_bs64_dr0.1_ls0.1,42,89,0.6972,0.9996,0.7098,0.9951,32.21
lr0.001_bs64_dr0.1_ls0.1,42,90,0.6971,0.9996,0.7119,0.9939,32.07
lr0.001_bs64_dr0.1_ls0.1,42,91,0.6969,0.9996,0.7106,0.9947,32.04
lr0.001_bs64_dr0.1_ls0.1,42,92,0.6969,0.9997,0.7095,0.9948,32.09
lr0.001_bs64_dr0.1_ls0.1,42,93,0.6971,0.9996,0.7127,0.9940,32.08
lr0.001_bs64_dr0.1_ls0.1,42,94,0.6973,0.9996,0.7100,0.9947,32.11
lr0.001_bs64_dr0.1_ls0.1,42,95,0.6970,0.9997,0.7105,0.9944,32.11
lr0.001_bs64_dr0.1_ls0.1,42,96,0.6967,0.9998,0.7124,0.9939,32.32
lr0.001_bs64_dr0.1_ls0.1,42,97,0.6968,0.9997,0.7126,0.9946,32.49
lr0.001_bs64_dr0.1_ls0.1,42,98,0.6969,0.9996,0.7113,0.9946,32.50
lr0.001_bs64_dr0.1_ls0.1,42,99,0.6966,0.9998,0.7125,0.9946,32.48
lr0.001_bs64_dr0.1_ls0.1,42,100,0.6966,0.9996,0.7126,0.9940,32.30
lr0.001_bs128_dr0.0_ls0.0,42,1,3.1016,0.4062,1.4089,0.6139,28.24
lr0.001_bs128_dr0.0_ls0.0,42,2,0.4960,0.8507,0.3755,0.8879,28.20
lr0.001_bs128_dr0.0_ls0.0,42,3,0.2400,0.9265,0.2765,0.9161,28.02
lr0.001_bs128_dr0.0_ls0.0,42,4,0.1752,0.9469,0.2319,0.9290,28.18
lr0.001_bs128_dr0.0_ls0.0,42,5,0.1359,0.9586,0.1469,0.9555,28.67
lr0.001_bs128_dr0.0_ls0.0,42,6,0.1201,0.9633,0.1655,0.9518,28.63
lr0.001_bs128_dr0.0_ls0.0,42,7,0.1050,0.9680,0.1551,0.9518,28.61
lr0.001_bs128_dr0.0_ls0.0,42,8,0.0929,0.9708,0.1089,0.9678,28.17
lr0.001_bs128_dr0.0_ls0.0,42,9,0.0851,0.9743,0.1138,0.9657,28.18
lr0.001_bs128_dr0.0_ls0.0,42,10,0.0746,0.9766,0.0945,0.9721,28.17
lr0.001_bs128_dr0.0_ls0.0,42,11,0.0802,0.9752,0.0958,0.9702,28.17
lr0.001_bs128_dr0.0_ls0.0,42,12,0.0679,0.9795,0.1033,0.9703,28.17
lr0.001_bs128_dr0.0_ls0.0,42,13,0.0631,0.9806,0.0850,0.9757,28.17
lr0.001_bs128_dr0.0_ls0.0,42,14,0.0588,0.9812,0.0887,0.9743,28.15
lr0.001_bs128_dr0.0_ls0.0,42,15,0.0549,0.9828,0.0959,0.9720,28.11
lr0.001_bs128_dr0.0_ls0.0,42,16,0.0503,0.9839,0.0738,0.9774,28.13
lr0.001_bs128_dr0.0_ls0.0,42,17,0.0521,0.9839,0.0693,0.9802,28.15
lr0.001_bs128_dr0.0_ls0.0,42,18,0.0492,0.9843,0.0652,0.9825,28.14
lr0.001_bs128_dr0.0_ls0.0,42,19,0.0478,0.9850,0.0638,0.9820,28.15
lr0.001_bs128_dr0.0_ls0.0,42,20,0.0448,0.9859,0.0719,0.9800,28.12
lr0.001_bs128_dr0.0_ls0.0,42,21,0.0412,0.9873,0.0675,0.9800,28.11
lr0.001_bs128_dr0.0_ls0.0,42,22,0.0380,0.9880,0.0593,0.9837,28.11
lr0.001_bs128_dr0.0_ls0.0,42,23,0.0399,0.9878,0.0626,0.9826,28.13
lr0.001_bs128_dr0.0_ls0.0,42,24,0.0334,0.9894,0.0719,0.9801,27.75
lr0.001_bs128_dr0.0_ls0.0,42,25,0.0360,0.9884,0.0543,0.9846,27.76
lr0.001_bs128_dr0.0_ls0.0,42,26,0.0344,0.9889,0.0509,0.9852,27.75
lr0.001_bs128_dr0.0_ls0.0,42,27,0.0319,0.9898,0.0598,0.9839,27.76
lr0.001_bs128_dr0.0_ls0.0,42,28,0.0325,0.9899,0.0589,0.9830,27.78
lr0.001_bs128_dr0.0_ls0.0,42,29,0.0307,0.9901,0.0598,0.9831,28.20
lr0.001_bs128_dr0.0_ls0.0,42,30,0.0315,0.9899,0.0543,0.9851,28.33
lr0.001_bs128_dr0.0_ls0.0,42,31,0.0270,0.9910,0.0559,0.9834,28.33
lr0.001_bs128_dr0.0_ls0.0,42,32,0.0273,0.9911,0.0585,0.9826,28.29
lr0.001_bs128_dr0.0_ls0.0,42,33,0.0165,0.9950,0.0313,0.9917,28.26
lr0.001_bs128_dr0.0_ls0.0,42,34,0.0117,0.9963,0.0407,0.9892,28.05
lr0.001_bs128_dr0.0_ls0.0,42,35,0.0115,0.9964,0.0332,0.9916,28.07
lr0.001_bs128_dr0.0_ls0.0,42,36,0.0110,0.9964,0.0341,0.9912,28.05
lr0.001_bs128_dr0.0_ls0.0,42,37,0.0116,0.9961,0.0319,0.9912,28.05
lr0.001_bs128_dr0.0_ls0.0,42,38,0.0118,0.9962,0.0310,0.9915,28.09
lr0.001_bs128_dr0.0_ls0.0,42,39,0.0117,0.9963,0.0366,0.9905,28.10
lr0.001_bs128_dr0.0_ls0.0,42,40,0.0125,0.9960,0.0329,0.9908,27.90
lr0.001_bs128_dr0.0_ls0.0,42,41,0.0086,0.9974,0.0338,0.9908,27.70
lr0.001_bs128_dr0.0_ls0.0,42,42,0.0111,0.9967,0.0329,0.9915,27.73
lr0.001_bs128_dr0.0_ls0.0,42,43,0.0110,0.9966,0.0365,0.9905,27.99
lr0.001_bs128_dr0.0_ls0.0,42,44,0.0120,0.9960,0.0344,0.9912,28.17
lr0.001_bs128_dr0.0_ls0.0,42,45,0.0059,0.9982,0.0251,0.9935,28.19
lr0.001_bs128_dr0.0_ls0.0,42,46,0.0058,0.9982,0.0311,0.9921,28.19
lr0.001_bs128_dr0.0_ls0.0,42,47,0.0057,0.9980,0.0292,0.9921,28.16
lr0.001_bs128_dr0.0_ls0.0,42,48,0.0058,0.9983,0.0313,0.9923,28.15
lr0.001_bs128_dr0.0_ls0.0,42,49,0.0048,0.9986,0.0290,0.9926,28.17
lr0.001_bs128_dr0.0_ls0.0,42,50,0.0052,0.9985,0.0270,0.9931,28.14
lr0.001_bs128_dr0.0_ls0.0,42,51,0.0049,0.9985,0.0268,0.9931,28.16
lr0.001_bs128_dr0.0_ls0.0,42,52,0.0030,0.9991,0.0259,0.9932,28.17
lr0.001_bs128_dr0.0_ls0.0,42,53,0.0032,0.9989,0.0259,0.9937,28.15
lr0.001_bs128_dr0.0_ls0.0,42,54,0.0031,0.9990,0.0254,0.9936,28.15
lr0.001_bs128_dr0.0_ls0.0,42,55,0.0030,0.9991,0.0233,0.9940,28.13
lr0.001_bs128_dr0.0_ls0.0,42,56,0.0029,0.9992,0.0250,0.9935,28.13
lr0.001_bs128_dr0.0_ls0.0,42,57,0.0025,0.9992,0.0265,0.9937,28.14
lr0.001_bs128_dr0.0_ls0.0,42,58,0.0026,0.9992,0.0266,0.9933,28.14
lr0.001_bs128_dr0.0_ls0.0,42,59,0.0023,0.9994,0.0269,0.9940,28.12
lr0.001_bs128_dr0.0_ls0.0,42,60,0.0020,0.9995,0.0237,0.9937,28.13
lr0.001_bs128_dr0.0_ls0.0,42,61,0.0025,0.9993,0.0244,0.9943,28.23
lr0.001_bs128_dr0.0_ls0.0,42,62,0.0021,0.9994,0.0260,0.9940,28.33
lr0.001_bs128_dr0.0_ls0.0,42,63,0.0017,0.9996,0.0238,0.9949,28.30
lr0.001_bs128_dr0.0_ls0.0,42,64,0.0020,0.9994,0.0249,0.9937,28.31
lr0.001_bs128_dr0.0_ls0.0,42,65,0.0017,0.9995,0.0241,0.9947,28.28
lr0.001_bs128_dr0.0_ls0.0,42,66,0.0016,0.9995,0.0252,0.9943,28.28
lr0.001_bs128_dr0.0_ls0.0,42,67,0.0014,0.9997,0.0256,0.9944,28.27
lr0.001_bs128_dr0.0_ls0.0,42,68,0.0015,0.9996,0.0234,0.9949,28.24
lr0.001_bs128_dr0.0_ls0.0,42,69,0.0014,0.9997,0.0232,0.9943,28.19
lr0.001_bs128_dr0.0_ls0.0,42,70,0.0014,0.9997,0.0215,0.9945,28.23
lr0.001_bs128_dr0.0_ls0.0,42,71,0.0018,0.9995,0.0225,0.9946,28.01
lr0.001_bs128_dr0.0_ls0.0,42,72,0.0014,0.9996,0.0237,0.9942,27.86
lr0.001_bs128_dr0.0_ls0.0,42,73,0.0011,0.9997,0.0235,0.9948,27.69
lr0.001_bs128_dr0.0_ls0.0,42,74,0.0013,0.9996,0.0234,0.9948,27.65
lr0.001_bs128_dr0.0_ls0.0,42,75,0.0013,0.9996,0.0221,0.9951,27.62
lr0.001_bs128_dr0.0_ls0.0,42,76,0.0011,0.9997,0.0252,0.9945,27.64
lr0.001_bs128_dr0.0_ls0.0,42,77,0.0009,0.9998,0.0231,0.9951,27.67
lr0.001_bs128_dr0.0_ls0.0,42,78,0.0010,0.9998,0.0233,0.9949,27.67
lr0.001_bs128_dr0.0_ls0.0,42,79,0.0011,0.9997,0.0254,0.9947,27.98
lr0.001_bs128_dr0.0_ls0.0,42,80,0.0011,0.9997,0.0238,0.9945,29.09
lr0.001_bs128_dr0.0_ls0.0,42,81,0.0010,0.9998,0.0230,0.9951,28.74
lr0.001_bs128_dr0.0_ls0.0,42,82,0.0012,0.9997,0.0225,0.9947,27.57
lr0.001_bs128_dr0.0_ls0.0,42,83,0.0008,0.9998,0.0211,0.9956,27.61
lr0.001_bs128_dr0.0_ls0.0,42,84,0.0011,0.9997,0.0237,0.9949,27.46
lr0.001_bs128_dr0.0_ls0.0,42,85,0.0011,0.9997,0.0229,0.9946,27.64
lr0.001_bs128_dr0.0_ls0.0,42,86,0.0012,0.9997,0.0222,0.9951,27.95
lr0.001_bs128_dr0.0_ls0.0,42,87,0.0010,0.9998,0.0231,0.9940,27.94
lr0.001_bs128_dr0.0_ls0.0,42,88,0.0011,0.9998,0.0237,0.9944,27.91
lr0.001_bs128_dr0.0_ls0.0,42,89,0.0013,0.9996,0.0235,0.9950,27.92
lr0.001_bs128_dr0.0_ls0.0,42,90,0.0012,0.9997,0.0230,0.9944,27.92
lr0.001_bs128_dr0.0_ls0.0,42,91,0.0010,0.9997,0.0238,0.9949,27.92
lr0.001_bs128_dr0.0_ls0.0,42,92,0.0011,0.9997,0.0248,0.9948,27.90
lr0.001_bs128_dr0.0_ls0.0,42,93,0.0012,0.9997,0.0240,0.9948,27.92
lr0.001_bs128_dr0.0_ls0.0,42,94,0.0011,0.9998,0.0221,0.9951,27.93
lr0.001_bs128_dr0.0_ls0.0,42,95,0.0008,0.9999,0.0257,0.9942,27.93
lr0.001_bs128_dr0.0_ls0.0,42,96,0.0011,0.9997,0.0240,0.9947,27.92
lr0.001_bs128_dr0.0_ls0.0,42,97,0.0010,0.9997,0.0234,0.9948,27.93
lr0.001_bs128_dr0.0_ls0.0,42,98,0.0009,0.9998,0.0227,0.9953,27.90
lr0.001_bs128_dr0.0_ls0.0,42,99,0.0010,0.9997,0.0254,0.9940,27.91
lr0.001_bs128_dr0.0_ls0.0,42,100,0.0007,0.9999,0.0262,0.9943,27.89
lr0.001_bs128_dr0.0_ls0.1,42,1,3.8839,0.3148,1.9669,0.6076,28.08
lr0.001_bs128_dr0.0_ls0.1,42,2,1.3714,0.8168,1.2046,0.8706,28.07
lr0.001_bs128_dr0.0_ls0.1,42,3,1.0609,0.9200,1.0426,0.9208,28.09
lr0.001_bs128_dr0.0_ls0.1,42,4,0.9515,0.9514,0.9669,0.9468,28.07
lr0.001_bs128_dr0.0_ls0.1,42,5,0.8976,0.9654,0.8933,0.9638,28.07
lr0.001_bs128_dr0.0_ls0.1,42,6,0.8617,0.9724,0.8663,0.9678,28.07
lr0.001_bs128_dr0.0_ls0.1,42,7,0.8417,0.9754,0.8758,0.9627,28.07
lr0.001_bs128_dr0.0_ls0.1,42,8,0.8220,0.9797,0.8256,0.9744,28.04
lr0.001_bs128_dr0.0_ls0.1,42,9,0.8074,0.9821,0.8522,0.9686,28.09
lr0.001_bs128_dr0.0_ls0.1,42,10,0.7989,0.9831,0.8089,0.9787,28.08
lr0.001_bs128_dr0.0_ls0.1,42,11,0.7905,0.9846,0.7937,0.9809,28.16
lr0.001_bs128_dr0.0_ls0.1,42,12,0.7788,0.9868,0.7903,0.9822,28.25
lr0.001_bs128_dr0.0_ls0.1,42,13,0.7750,0.9868,0.7996,0.9781,28.23
lr0.001_bs128_dr0.0_ls0.1,42,14,0.7694,0.9872,0.8082,0.9789,28.25
lr0.001_bs128_dr0.0_ls0.1,42,15,0.7614,0.9886,0.7887,0.9793,28.25
lr0.001_bs128_dr0.0_ls0.1,42,16,0.7568,0.9898,0.7759,0.9835,28.23
lr0.001_bs128_dr0.0_ls0.1,42,17,0.7547,0.9897,0.7706,0.9844,28.23
lr0.001_bs128_dr0.0_ls0.1,42,18,0.7514,0.9901,0.7545,0.9878,28.24
lr0.001_bs128_dr0.0_ls0.1,42,19,0.7482,0.9905,0.7555,0.9855,28.22
lr0.001_bs128_dr0.0_ls0.1,42,20,0.7462,0.9903,0.7670,0.9840,28.22
lr0.001_bs128_dr0.0_ls0.1,42,21,0.7411,0.9916,0.7539,0.9874,28.23
lr0.001_bs128_dr0.0_ls0.1,42,22,0.7409,0.9909,0.7491,0.9865,28.23
lr0.001_bs128_dr0.0_ls0.1,42,23,0.7358,0.9925,0.7531,0.9869,28.24
lr0.001_bs128_dr0.0_ls0.1,42,24,0.7346,0.9927,0.7492,0.9869,28.21
lr0.001_bs128_dr0.0_ls0.1,42,25,0.7356,0.9921,0.7514,0.9866,28.23
lr0.001_bs128_dr0.0_ls0.1,42,26,0.7317,0.9931,0.7411,0.9891,28.22
lr0.001_bs128_dr0.0_ls0.1,42,27,0.7290,0.9933,0.7433,0.9882,28.22
lr0.001_bs128_dr0.0_ls0.1,42,28,0.7285,0.9934,0.7441,0.9867,28.26
lr0.001_bs128_dr0.0_ls0.1,42,29,0.7267,0.9936,0.7534,0.9839,28.90
lr0.001_bs128_dr0.0_ls0.1,42,30,0.7263,0.9936,0.7388,0.9894,28.88
lr0.001_bs128_dr0.0_ls0.1,42,31,0.7216,0.9946,0.7504,0.9856,28.83
lr0.001_bs128_dr0.0_ls0.1,42,32,0.7247,0.9937,0.7348,0.9892,28.60
lr0.001_bs128_dr0.0_ls0.1,42,33,0.7225,0.9943,0.7367,0.9880,28.38
lr0.001_bs128_dr0.0_ls0.1,42,34,0.7221,0.9943,0.7315,0.9899,27.96
lr0.001_bs128_dr0.0_ls0.1,42,35,0.7165,0.9958,0.7243,0.9923,27.98
lr0.001_bs128_dr0.0_ls0.1,42,36,0.7172,0.9955,0.7363,0.9883,27.98
lr0.001_bs128_dr0.0_ls0.1,42,37,0.7178,0.9951,0.7280,0.9909,28.00
lr0.001_bs128_dr0.0_ls0.1,42,38,0.7190,0.9945,0.7270,0.9915,27.96
lr0.001_bs128_dr0.0_ls0.1,42,39,0.7155,0.9957,0.7361,0.9882,27.95
lr0.001_bs128_dr0.0_ls0.1,42,40,0.7165,0.9951,0.7331,0.9892,27.78
lr0.001_bs128_dr0.0_ls0.1,42,41,0.7143,0.9959,0.7241,0.9917,27.80
lr0.001_bs128_dr0.0_ls0.1,42,42,0.7145,0.9956,0.7253,0.9910,27.80
lr0.001_bs128_dr0.0_ls0.1,42,43,0.7120,0.9964,0.7296,0.9908,27.94
lr0.001_bs128_dr0.0_ls0.1,42,44,0.7146,0.9953,0.7243,0.9923,28.44
lr0.001_bs128_dr0.0_ls0.1,42,45,0.7106,0.9965,0.7293,0.9907,28.44
lr0.001_bs128_dr0.0_ls0.1,42,46,0.7128,0.9957,0.7326,0.9889,28.40
lr0.001_bs128_dr0.0_ls0.1,42,47,0.7130,0.9956,0.7223,0.9917,28.36
lr0.001_bs128_dr0.0_ls0.1,42,48,0.7102,0.9963,0.7297,0.9901,28.14
lr0.001_bs128_dr0.0_ls0.1,42,49,0.7092,0.9968,0.7233,0.9913,27.89
lr0.001_bs128_dr0.0_ls0.1,42,50,0.7082,0.9968,0.7274,0.9908,27.74
lr0.001_bs128_dr0.0_ls0.1,42,51,0.7100,0.9964,0.7273,0.9897,27.74
lr0.001_bs128_dr0.0_ls0.1,42,52,0.7093,0.9963,0.7235,0.9915,27.76
lr0.001_bs128_dr0.0_ls0.1,42,53,0.7089,0.9965,0.7253,0.9911,27.77
lr0.001_bs128_dr0.0_ls0.1,42,54,0.7022,0.9982,0.7125,0.9940,27.80
lr0.001_bs128_dr0.0_ls0.1,42,55,0.6998,0.9988,0.7141,0.9941,27.74
lr0.001_bs128_dr0.0_ls0.1,42,56,0.6992,0.9990,0.7128,0.9944,27.73
lr0.001_bs128_dr0.0_ls0.1,42,57,0.7007,0.9985,0.7145,0.9935,27.75
lr0.001_bs128_dr0.0_ls0.1,42,58,0.7004,0.9985,0.7182,0.9923,27.77
lr0.001_bs128_dr0.0_ls0.1,42,59,0.6999,0.9986,0.7187,0.9928,27.76
lr0.001_bs128_dr0.0_ls0.1,42,60,0.7004,0.9984,0.7146,0.9937,27.81
lr0.001_bs128_dr0.0_ls0.1,42,61,0.6979,0.9991,0.7120,0.9938,28.02
lr0.001_bs128_dr0.0_ls0.1,42,62,0.6973,0.9992,0.7103,0.9946,27.96
lr0.001_bs128_dr0.0_ls0.1,42,63,0.6964,0.9996,0.7099,0.9946,27.89
lr0.001_bs128_dr0.0_ls0.1,42,64,0.6968,0.9994,0.7099,0.9947,27.92
lr0.001_bs128_dr0.0_ls0.1,42,65,0.6969,0.9992,0.7096,0.9948,27.74
lr0.001_bs128_dr0.0_ls0.1,42,66,0.6970,0.9992,0.7087,0.9951,27.74
lr0.001_bs128_dr0.0_ls0.1,42,67,0.6966,0.9995,0.7104,0.9943,27.78
lr0.001_bs128_dr0.0_ls0.1,42,68,0.6967,0.9992,0.7105,0.9940,27.75
lr0.001_bs128_dr0.0_ls0.1,42,69,0.6965,0.9994,0.7092,0.9947,27.63
lr0.001_bs128_dr0.0_ls0.1,42,70,0.6963,0.9994,0.7072,0.9955,27.63
lr0.001_bs128_dr0.0_ls0.1,42,71,0.6968,0.9993,0.7113,0.9941,27.65
lr0.001_bs128_dr0.0_ls0.1,42,72,0.6963,0.9994,0.7102,0.9941,27.66
lr0.001_bs128_dr0.0_ls0.1,42,73,0.6962,0.9993,0.7104,0.9943,27.65
lr0.001_bs128_dr0.0_ls0.1,42,74,0.6958,0.9995,0.7091,0.9947,28.22
lr0.001_bs128_dr0.0_ls0.1,42,75,0.6956,0.9995,0.7080,0.9953,28.41
lr0.001_bs128_dr0.0_ls0.1,42,76,0.6961,0.9994,0.7125,0.9938,28.36
lr0.001_bs128_dr0.0_ls0.1,42,77,0.6951,0.9997,0.7098,0.9947,28.12
lr0.001_bs128_dr0.0_ls0.1,42,78,0.6949,0.9997,0.7072,0.9955,27.90
lr0.001_bs128_dr0.0_ls0.1,42,79,0.6947,0.9998,0.7086,0.9949,27.94
lr0.001_bs128_dr0.0_ls0.1,42,80,0.6949,0.9997,0.7086,0.9953,27.75
lr0.001_bs128_dr0.0_ls0.1,42,81,0.6947,0.9997,0.7075,0.9952,27.76
lr0.001_bs128_dr0.0_ls0.1,42,82,0.6947,0.9998,0.7085,0.9950,27.79
lr0.001_bs128_dr0.0_ls0.1,42,83,0.6944,0.9998,0.7071,0.9957,27.84
lr0.001_bs128_dr0.0_ls0.1,42,84,0.6943,0.9999,0.7082,0.9950,28.09
lr0.001_bs128_dr0.0_ls0.1,42,85,0.6945,0.9997,0.7070,0.9957,28.13
lr0.001_bs128_dr0.0_ls0.1,42,86,0.6944,0.9998,0.7066,0.9956,28.13
lr0.001_bs128_dr0.0_ls0.1,42,87,0.6942,0.9998,0.7081,0.9950,28.11
lr0.001_bs128_dr0.0_ls0.1,42,88,0.6941,0.9998,0.7080,0.9953,28.11
lr0.001_bs128_dr0.0_ls0.1,42,89,0.6944,0.9998,0.7070,0.9952,28.11
lr0.001_bs128_dr0.0_ls0.1,42,90,0.6942,0.9999,0.7085,0.9950,28.11
lr0.001_bs128_dr0.0_ls0.1,42,91,0.6941,0.9999,0.7065,0.9958,28.11
lr0.001_bs128_dr0.0_ls0.1,42,92,0.6941,0.9998,0.7078,0.9952,28.12
lr0.001_bs128_dr0.0_ls0.1,42,93,0.6940,0.9999,0.7075,0.9955,28.11
lr0.001_bs128_dr0.0_ls0.1,42,94,0.6941,0.9998,0.7078,0.9946,28.12
lr0.001_bs128_dr0.0_ls0.1,42,95,0.6939,0.9999,0.7074,0.9953,28.14
lr0.001_bs128_dr0.0_ls0.1,42,96,0.6942,0.9998,0.7072,0.9956,28.13
lr0.001_bs128_dr0.0_ls0.1,42,97,0.6940,0.9999,0.7068,0.9958,28.11
lr0.001_bs128_dr0.0_ls0.1,42,98,0.6939,0.9998,0.7046,0.9963,28.09
lr0.001_bs128_dr0.0_ls0.1,42,99,0.6938,0.9999,0.7062,0.9960,28.12
lr0.001_bs128_dr0.0_ls0.1,42,100,0.6937,1.0000,0.7083,0.9953,28.13
lr0.001_bs128_dr0.1_ls0.0,42,1,3.4509,0.3500,1.5234,0.5727,30.07
lr0.001_bs128_dr0.1_ls0.0,42,2,0.6399,0.8097,0.5030,0.8537,30.92
lr0.001_bs128_dr0.1_ls0.0,42,3,0.2985,0.9096,0.4095,0.8778,30.31
lr0.001_bs128_dr0.1_ls0.0,42,4,0.2066,0.9368,0.2296,0.9308,28.98
lr0.001_bs128_dr0.1_ls0.0,42,5,0.1588,0.9520,0.1619,0.9495,28.83
lr0.001_bs128_dr0.1_ls0.0,42,6,0.1373,0.9579,0.1616,0.9524,29.22
lr0.001_bs128_dr0.1_ls0.0,42,7,0.1238,0.9619,0.1884,0.9400,30.32
lr0.001_bs128_dr0.1_ls0.0,42,8,0.1018,0.9687,0.1495,0.9543,29.72
lr0.001_bs128_dr0.1_ls0.0,42,9,0.0956,0.9703,0.1431,0.9586,29.08
lr0.001_bs128_dr0.1_ls0.0,42,10,0.0854,0.9741,0.1589,0.9518,28.88
lr0.001_bs128_dr0.1_ls0.0,42,11,0.0875,0.9736,0.1236,0.9626,28.75
lr0.001_bs128_dr0.1_ls0.0,42,12,0.0766,0.9761,0.1253,0.9625,28.78
lr0.001_bs128_dr0.1_ls0.0,42,13,0.0723,0.9777,0.1043,0.9690,28.78
lr0.001_bs128_dr0.1_ls0.0,42,14,0.0679,0.9790,0.0997,0.9707,28.72
lr0.001_bs128_dr0.1_ls0.0,42,15,0.0623,0.9807,0.0921,0.9734,28.72
lr0.001_bs128_dr0.1_ls0.0,42,16,0.0598,0.9816,0.0900,0.9757,28.73
lr0.001_bs128_dr0.1_ls0.0,42,17,0.0568,0.9822,0.0811,0.9762,28.93
lr0.001_bs128_dr0.1_ls0.0,42,18,0.0528,0.9839,0.0721,0.9802,29.60
lr0.001_bs128_dr0.1_ls0.0,42,19,0.0520,0.9833,0.0657,0.9815,29.32
lr0.001_bs128_dr0.1_ls0.0,42,20,0.0490,0.9849,0.0724,0.9801,29.11
lr0.001_bs128_dr0.1_ls0.0,42,21,0.0466,0.9854,0.0777,0.9777,28.93
lr0.001_bs128_dr0.1_ls0.0,42,22,0.0428,0.9865,0.0723,0.9799,28.98
lr0.001_bs128_dr0.1_ls0.0,42,23,0.0449,0.9860,0.0768,0.9792,28.93
lr0.001_bs128_dr0.1_ls0.0,42,24,0.0395,0.9876,0.0732,0.9802,28.96
lr0.001_bs128_dr0.1_ls0.0,42,25,0.0416,0.9868,0.0700,0.9807,28.95
lr0.001_bs128_dr0.1_ls0.0,42,26,0.0245,0.9923,0.0360,0.9902,28.89
lr0.001_bs128_dr0.1_ls0.0,42,27,0.0197,0.9942,0.0421,0.9883,28.54
lr0.001_bs128_dr0.1_ls0.0,42,28,0.0189,0.9940,0.0465,0.9874,28.61
lr0.001_bs128_dr0.1_ls0.0,42,29,0.0192,0.9936,0.0506,0.9873,28.65
lr0.001_bs128_dr0.1_ls0.0,42,30,0.0197,0.9936,0.0440,0.9880,28.62
lr0.001_bs128_dr0.1_ls0.0,42,31,0.0180,0.9943,0.0445,0.9890,28.61
lr0.001_bs128_dr0.1_ls0.0,42,32,0.0182,0.9942,0.0428,0.9880,28.66
lr0.001_bs128_dr0.1_ls0.0,42,33,0.0138,0.9955,0.0342,0.9905,28.79
lr0.001_bs128_dr0.1_ls0.0,42,34,0.0107,0.9968,0.0374,0.9896,29.12
lr0.001_bs128_dr0.1_ls0.0,42,35,0.0093,0.9972,0.0324,0.9917,29.05
lr0.001_bs128_dr0.1_ls0.0,42,36,0.0096,0.9971,0.0340,0.9917,29.06
lr0.001_bs128_dr0.1_ls0.0,42,37,0.0098,0.9968,0.0378,0.9896,28.89
lr0.001_bs128_dr0.1_ls0.0,42,38,0.0102,0.9966,0.0341,0.9906,28.90
lr0.001_bs128_dr0.1_ls0.0,42,39,0.0090,0.9971,0.0381,0.9906,28.70
lr0.001_bs128_dr0.1_ls0.0,42,40,0.0093,0.9969,0.0332,0.9919,28.72
lr0.001_bs128_dr0.1_ls0.0,42,41,0.0088,0.9972,0.0307,0.9921,28.59
lr0.001_bs128_dr0.1_ls0.0,42,42,0.0082,0.9972,0.0336,0.9917,28.71
lr0.001_bs128_dr0.1_ls0.0,42,43,0.0081,0.9976,0.0370,0.9910,29.00
lr0.001_bs128_dr0.1_ls0.0,42,44,0.0077,0.9976,0.0341,0.9915,29.01
lr0.001_bs128_dr0.1_ls0.0,42,45,0.0085,0.9973,0.0349,0.9914,29.00
lr0.001_bs128_dr0.1_ls0.0,42,46,0.0082,0.9973,0.0382,0.9897,29.55
lr0.001_bs128_dr0.1_ls0.0,42,47,0.0081,0.9975,0.0382,0.9912,29.91
lr0.001_bs128_dr0.1_ls0.0,42,48,0.0066,0.9981,0.0325,0.9924,29.64
lr0.001_bs128_dr0.1_ls0.0,42,49,0.0054,0.9983,0.0295,0.9930,29.42
lr0.001_bs128_dr0.1_ls0.0,42,50,0.0048,0.9987,0.0311,0.9928,29.01
lr0.001_bs128_dr0.1_ls0.0,42,51,0.0046,0.9987,0.0296,0.9917,29.03
lr0.001_bs128_dr0.1_ls0.0,42,52,0.0041,0.9988,0.0330,0.9918,29.06
lr0.001_bs128_dr0.1_ls0.0,42,53,0.0052,0.9983,0.0310,0.9920,29.42
lr0.001_bs128_dr0.1_ls0.0,42,54,0.0044,0.9986,0.0313,0.9919,29.82
lr0.001_bs128_dr0.1_ls0.0,42,55,0.0044,0.9986,0.0295,0.9921,29.84
lr0.001_bs128_dr0.1_ls0.0,42,56,0.0035,0.9988,0.0290,0.9930,29.58
lr0.001_bs128_dr0.1_ls0.0,42,57,0.0031,0.9992,0.0286,0.9922,29.38
lr0.001_bs128_dr0.1_ls0.0,42,58,0.0035,0.9990,0.0302,0.9924,29.38
lr0.001_bs128_dr0.1_ls0.0,42,59,0.0033,0.9991,0.0305,0.9926,29.16
lr0.001_bs128_dr0.1_ls0.0,42,60,0.0026,0.9992,0.0296,0.9924,29.00
lr0.001_bs128_dr0.1_ls0.0,42,61,0.0033,0.9992,0.0287,0.9933,29.37
lr0.001_bs128_dr0.1_ls0.0,42,62,0.0031,0.9990,0.0312,0.9930,29.76
lr0.001_bs128_dr0.1_ls0.0,42,63,0.0028,0.9991,0.0256,0.9936,29.76
lr0.001_bs128_dr0.1_ls0.0,42,64,0.0029,0.9991,0.0288,0.9923,29.53
lr0.001_bs128_dr0.1_ls0.0,42,65,0.0031,0.9990,0.0294,0.9932,29.53
lr0.001_bs128_dr0.1_ls0.0,42,66,0.0024,0.9993,0.0289,0.9934,29.32
lr0.001_bs128_dr0.1_ls0.0,42,67,0.0027,0.9992,0.0294,0.9933,29.35
lr0.001_bs128_dr0.1_ls0.0,42,68,0.0028,0.9992,0.0289,0.9932,29.34
lr0.001_bs128_dr0.1_ls0.0,42,69,0.0026,0.9992,0.0292,0.9924,29.34
lr0.001_bs128_dr0.1_ls0.0,42,70,0.0023,0.9993,0.0273,0.9933,29.31
lr0.001_bs128_dr0.1_ls0.0,42,71,0.0025,0.9992,0.0256,0.9943,29.13
lr0.001_bs128_dr0.1_ls0.0,42,72,0.0025,0.9993,0.0305,0.9935,29.15
lr0.001_bs128_dr0.1_ls0.0,42,73,0.0021,0.9995,0.0289,0.9933,29.40
lr0.001_bs128_dr0.1_ls0.0,42,74,0.0023,0.9993,0.0297,0.9933,29.70
lr0.001_bs128_dr0.1_ls0.0,42,75,0.0023,0.9993,0.0276,0.9935,29.64
lr0.001_bs128_dr0.1_ls0.0,42,76,0.0023,0.9993,0.0291,0.9933,29.43
lr0.001_bs128_dr0.1_ls0.0,42,77,0.0021,0.9994,0.0306,0.9935,29.43
lr0.001_bs128_dr0.1_ls0.0,42,78,0.0021,0.9994,0.0281,0.9932,29.22
lr0.001_bs128_dr0.1_ls0.0,42,79,0.0019,0.9995,0.0283,0.9935,29.23
lr0.001_bs128_dr0.1_ls0.0,42,80,0.0019,0.9995,0.0254,0.9937,29.23
lr0.001_bs128_dr0.1_ls0.0,42,81,0.0021,0.9994,0.0267,0.9935,29.03
lr0.001_bs128_dr0.1_ls0.0,42,82,0.0021,0.9994,0.0264,0.9935,29.03
lr0.001_bs128_dr0.1_ls0.0,42,83,0.0018,0.9995,0.0270,0.9939,29.02
lr0.001_bs128_dr0.1_ls0.0,42,84,0.0021,0.9994,0.0270,0.9937,29.12
lr0.001_bs128_dr0.1_ls0.0,42,85,0.0020,0.9995,0.0262,0.9935,29.17
lr0.001_bs128_dr0.1_ls0.0,42,86,0.0023,0.9993,0.0268,0.9931,29.13
lr0.001_bs128_dr0.1_ls0.0,42,87,0.0021,0.9995,0.0278,0.9936,29.13
lr0.001_bs128_dr0.1_ls0.0,42,88,0.0018,0.9996,0.0292,0.9929,29.07
lr0.001_bs128_dr0.1_ls0.0,42,89,0.0022,0.9993,0.0282,0.9938,28.87
lr0.001_bs128_dr0.1_ls0.0,42,90,0.0021,0.9995,0.0289,0.9938,28.70
lr0.001_bs128_dr0.1_ls0.0,42,91,0.0017,0.9995,0.0273,0.9942,28.59
lr0.001_bs128_dr0.1_ls0.0,42,92,0.0018,0.9994,0.0278,0.9938,28.62
lr0.001_bs128_dr0.1_ls0.0,42,93,0.0022,0.9993,0.0274,0.9932,29.20
lr0.001_bs128_dr0.1_ls0.0,42,94,0.0021,0.9995,0.0251,0.9937,29.18
lr0.001_bs128_dr0.1_ls0.0,42,95,0.0014,0.9997,0.0294,0.9931,29.20
lr0.001_bs128_dr0.1_ls0.0,42,96,0.0020,0.9995,0.0282,0.9939,29.17
lr0.001_bs128_dr0.1_ls0.0,42,97,0.0016,0.9996,0.0258,0.9939,29.18
lr0.001_bs128_dr0.1_ls0.0,42,98,0.0016,0.9996,0.0278,0.9934,28.98
lr0.001_bs128_dr0.1_ls0.0,42,99,0.0016,0.9996,0.0264,0.9937,28.98
lr0.001_bs128_dr0.1_ls0.0,42,100,0.0016,0.9997,0.0313,0.9932,29.11
lr0.001_bs128_dr0.1_ls0.1,42,1,3.7822,0.3453,1.9537,0.6167,29.30
lr0.001_bs128_dr0.1_ls0.1,42,2,1.4067,0.8020,1.1899,0.8796,29.21
lr0.001_bs128_dr0.1_ls0.1,42,3,1.0960,0.9091,1.2645,0.8387,29.20
lr0.001_bs128_dr0.1_ls0.1,42,4,0.9818,0.9432,0.9648,0.9444,29.30
lr0.001_bs128_dr0.1_ls0.1,42,5,0.9197,0.9609,0.9020,0.9626,30.13
lr0.001_bs128_dr0.1_ls0.1,42,6,0.8874,0.9662,0.8812,0.9664,29.82
lr0.001_bs128_dr0.1_ls0.1,42,7,0.8604,0.9722,0.9005,0.9564,29.62
lr0.001_bs128_dr0.1_ls0.1,42,8,0.8401,0.9754,0.8657,0.9656,29.00
lr0.001_bs128_dr0.1_ls0.1,42,9,0.8230,0.9787,0.8719,0.9602,28.83
lr0.001_bs128_dr0.1_ls0.1,42,10,0.8084,0.9816,0.8281,0.9726,29.10
lr0.001_bs128_dr0.1_ls0.1,42,11,0.8019,0.9819,0.8071,0.9764,29.28
lr0.001_bs128_dr0.1_ls0.1,42,12,0.7918,0.9837,0.8355,0.9686,29.26
lr0.001_bs128_dr0.1_ls0.1,42,13,0.7829,0.9850,0.8160,0.9725,29.27
lr0.001_bs128_dr0.1_ls0.1,42,14,0.7778,0.9850,0.8094,0.9728,29.27
lr0.001_bs128_dr0.1_ls0.1,42,15,0.7700,0.9865,0.8002,0.9751,29.55
lr0.001_bs128_dr0.1_ls0.1,42,16,0.7672,0.9867,0.7900,0.9780,29.69
lr0.001_bs128_dr0.1_ls0.1,42,17,0.7624,0.9880,0.7862,0.9784,29.67
lr0.001_bs128_dr0.1_ls0.1,42,18,0.7572,0.9884,0.7754,0.9800,29.65
lr0.001_bs128_dr0.1_ls0.1,42,19,0.7539,0.9886,0.7705,0.9819,29.65
lr0.001_bs128_dr0.1_ls0.1,42,20,0.7510,0.9892,0.7799,0.9784,29.65
lr0.001_bs128_dr0.1_ls0.1,42,21,0.7456,0.9903,0.7680,0.9812,29.63
lr0.001_bs128_dr0.1_ls0.1,42,22,0.7453,0.9903,0.7780,0.9775,29.39
lr0.001_bs128_dr0.1_ls0.1,42,23,0.7429,0.9905,0.7592,0.9841,29.33
lr0.001_bs128_dr0.1_ls0.1,42,24,0.7379,0.9916,0.7537,0.9848,29.19
lr0.001_bs128_dr0.1_ls0.1,42,25,0.7370,0.9920,0.7496,0.9858,28.98
lr0.001_bs128_dr0.1_ls0.1,42,26,0.7373,0.9914,0.7455,0.9870,29.01
lr0.001_bs128_dr0.1_ls0.1,42,27,0.7337,0.9921,0.7633,0.9824,29.07
lr0.001_bs128_dr0.1_ls0.1,42,28,0.7329,0.9921,0.7469,0.9869,29.20
lr0.001_bs128_dr0.1_ls0.1,42,29,0.7322,0.9922,0.7610,0.9828,29.65
lr0.001_bs128_dr0.1_ls0.1,42,30,0.7283,0.9931,0.7527,0.9841,29.60
lr0.001_bs128_dr0.1_ls0.1,42,31,0.7263,0.9937,0.7469,0.9854,29.59
lr0.001_bs128_dr0.1_ls0.1,42,32,0.7260,0.9935,0.7460,0.9851,29.14
lr0.001_bs128_dr0.1_ls0.1,42,33,0.7159,0.9959,0.7301,0.9897,28.97
lr0.001_bs128_dr0.1_ls0.1,42,34,0.7123,0.9968,0.7279,0.9903,29.01
lr0.001_bs128_dr0.1_ls0.1,42,35,0.7112,0.9969,0.7228,0.9920,28.97
lr0.001_bs128_dr0.1_ls0.1,42,36,0.7114,0.9968,0.7297,0.9888,29.34
lr0.001_bs128_dr0.1_ls0.1,42,37,0.7112,0.9966,0.7288,0.9903,30.73
lr0.001_bs128_dr0.1_ls0.1,42,38,0.7107,0.9971,0.7253,0.9908,29.75
lr0.001_bs128_dr0.1_ls0.1,42,39,0.7094,0.9974,0.7238,0.9913,28.75
lr0.001_bs128_dr0.1_ls0.1,42,40,0.7111,0.9968,0.7237,0.9919,28.76
lr0.001_bs128_dr0.1_ls0.1,42,41,0.7078,0.9978,0.7246,0.9901,28.65
lr0.001_bs128_dr0.1_ls0.1,42,42,0.7054,0.9981,0.7181,0.9923,28.90
lr0.001_bs128_dr0.1_ls0.1,42,43,0.7042,0.9984,0.7180,0.9926,29.27
lr0.001_bs128_dr0.1_ls0.1,42,44,0.7043,0.9983,0.7192,0.9923,29.45
lr0.001_bs128_dr0.1_ls0.1,42,45,0.7032,0.9987,0.7173,0.9924,29.40
lr0.001_bs128_dr0.1_ls0.1,42,46,0.7031,0.9986,0.7177,0.9928,29.34
lr0.001_bs128_dr0.1_ls0.1,42,47,0.7031,0.9986,0.7190,0.9919,29.17
lr0.001_bs128_dr0.1_ls0.1,42,48,0.7039,0.9982,0.7164,0.9936,29.17
lr0.001_bs128_dr0.1_ls0.1,42,49,0.7022,0.9989,0.7158,0.9934,28.92
lr0.001_bs128_dr0.1_ls0.1,42,50,0.7024,0.9986,0.7137,0.9938,28.75
lr0.001_bs128_dr0.1_ls0.1,42,51,0.7028,0.9985,0.7195,0.9924,28.63
lr0.001_bs128_dr0.1_ls0.1,42,52,0.7015,0.9990,0.7153,0.9934,28.64
lr0.001_bs128_dr0.1_ls0.1,42,53,0.7020,0.9986,0.7170,0.9931,28.61
lr0.001_bs128_dr0.1_ls0.1,42,54,0.7021,0.9986,0.7168,0.9933,28.62
lr0.001_bs128_dr0.1_ls0.1,42,55,0.7018,0.9987,0.7144,0.9937,28.66
lr0.001_bs128_dr0.1_ls0.1,42,56,0.7011,0.9990,0.7150,0.9939,28.67
lr0.001_bs128_dr0.1_ls0.1,42,57,0.7003,0.9992,0.7153,0.9935,28.74
lr0.001_bs128_dr0.1_ls0.1,42,58,0.7002,0.9991,0.7160,0.9927,28.78
lr0.001_bs128_dr0.1_ls0.1,42,59,0.6998,0.9991,0.7129,0.9944,28.76
lr0.001_bs128_dr0.1_ls0.1,42,60,0.6994,0.9994,0.7150,0.9933,28.75
lr0.001_bs128_dr0.1_ls0.1,42,61,0.6994,0.9994,0.7149,0.9940,28.75
lr0.001_bs128_dr0.1_ls0.1,42,62,0.6994,0.9992,0.7142,0.9935,28.76
lr0.001_bs128_dr0.1_ls0.1,42,63,0.6991,0.9994,0.7133,0.9937,28.76
lr0.001_bs128_dr0.1_ls0.1,42,64,0.6992,0.9993,0.7147,0.9933,28.72
lr0.001_bs128_dr0.1_ls0.1,42,65,0.6996,0.9991,0.7151,0.9929,28.71
lr0.001_bs128_dr0.1_ls0.1,42,66,0.6988,0.9993,0.7133,0.9936,28.66
lr0.001_bs128_dr0.1_ls0.1,42,67,0.6986,0.9993,0.7128,0.9940,28.45
lr0.001_bs128_dr0.1_ls0.1,42,68,0.6982,0.9995,0.7135,0.9935,28.28
lr0.001_bs128_dr0.1_ls0.1,42,69,0.6982,0.9996,0.7129,0.9940,29.05
lr0.001_bs128_dr0.1_ls0.1,42,70,0.6982,0.9996,0.7126,0.9940,29.79
lr0.001_bs128_dr0.1_ls0.1,42,71,0.6986,0.9994,0.7133,0.9937,29.64
lr0.001_bs128_dr0.1_ls0.1,42,72,0.6982,0.9995,0.7131,0.9939,27.97
lr0.001_bs128_dr0.1_ls0.1,42,73,0.6979,0.9996,0.7135,0.9938,27.94
lr0.001_bs128_dr0.1_ls0.1,42,74,0.6979,0.9995,0.7145,0.9931,28.04
lr0.001_bs128_dr0.1_ls0.1,42,75,0.6975,0.9998,0.7142,0.9933,29.09
lr0.001_bs128_dr0.1_ls0.1,42,76,0.6980,0.9996,0.7132,0.9935,29.61
lr0.001_bs128_dr0.1_ls0.1,42,77,0.6976,0.9996,0.7128,0.9939,29.55
lr0.001_bs128_dr0.1_ls0.1,42,78,0.6977,0.9996,0.7135,0.9940,29.27
lr0.001_bs128_dr0.1_ls0.1,42,79,0.6976,0.9996,0.7136,0.9935,28.38
lr0.001_bs128_dr0.1_ls0.1,42,80,0.6975,0.9997,0.7105,0.9947,28.47
lr0.001_bs128_dr0.1_ls0.1,42,81,0.6975,0.9996,0.7125,0.9943,29.26
lr0.001_bs128_dr0.1_ls0.1,42,82,0.6974,0.9997,0.7114,0.9946,29.56
lr0.001_bs128_dr0.1_ls0.1,42,83,0.6974,0.9997,0.7120,0.9947,29.54
lr0.001_bs128_dr0.1_ls0.1,42,84,0.6974,0.9998,0.7106,0.9944,29.29
lr0.001_bs128_dr0.1_ls0.1,42,85,0.6973,0.9997,0.7095,0.9951,29.28
lr0.001_bs128_dr0.1_ls0.1,42,86,0.6975,0.9997,0.7112,0.9941,29.10
lr0.001_bs128_dr0.1_ls0.1,42,87,0.6973,0.9997,0.7127,0.9940,29.09
lr0.001_bs128_dr0.1_ls0.1,42,88,0.6970,0.9999,0.7135,0.9936,29.11
lr0.001_bs128_dr0.1_ls0.1,42,89,0.6973,0.9997,0.7122,0.9946,29.09
lr0.001_bs128_dr0.1_ls0.1,42,90,0.6974,0.9996,0.7130,0.9941,29.10
lr0.001_bs128_dr0.1_ls0.1,42,91,0.6972,0.9997,0.7109,0.9944,29.11
lr0.001_bs128_dr0.1_ls0.1,42,92,0.6971,0.9998,0.7114,0.9947,29.09
lr0.001_bs128_dr0.1_ls0.1,42,93,0.6970,0.9998,0.7117,0.9943,29.12
lr0.001_bs128_dr0.1_ls0.1,42,94,0.6972,0.9997,0.7104,0.9942,29.50
lr0.001_bs128_dr0.1_ls0.1,42,95,0.6970,0.9998,0.7120,0.9942,29.68
lr0.001_bs128_dr0.1_ls0.1,42,96,0.6972,0.9996,0.7120,0.9943,29.64
lr0.001_bs128_dr0.1_ls0.1,42,97,0.6971,0.9998,0.7106,0.9949,29.63
lr0.001_bs128_dr0.1_ls0.1,42,98,0.6969,0.9998,0.7107,0.9946,29.37
lr0.001_bs128_dr0.1_ls0.1,42,99,0.6969,0.9998,0.7112,0.9949,29.35
lr0.001_bs128_dr0.1_ls0.1,42,100,0.6968,0.9999,0.7116,0.9941,28.62
lr0.0005_bs64_dr0.0_ls0.0,42,1,3.1239,0.4231,0.9369,0.7285,30.40
lr0.0005_bs64_dr0.0_ls0.0,42,2,0.5117,0.8494,0.4215,0.8779,30.52
lr0.0005_bs64_dr0.0_ls0.0,42,3,0.2570,0.9221,0.2419,0.9271,31.54
lr0.0005_bs64_dr0.0_ls0.0,42,4,0.1774,0.9462,0.1604,0.9516,31.77
lr0.0005_bs64_dr0.0_ls0.0,42,5,0.1411,0.9571,0.1347,0.9600,31.44
lr0.0005_bs64_dr0.0_ls0.0,42,6,0.1223,0.9630,0.1266,0.9636,30.70
lr0.0005_bs64_dr0.0_ls0.0,42,7,0.1092,0.9669,0.1271,0.9598,30.73
lr0.0005_bs64_dr0.0_ls0.0,42,8,0.0975,0.9701,0.0984,0.9701,30.72
lr0.0005_bs64_dr0.0_ls0.0,42,9,0.0883,0.9724,0.1107,0.9688,30.75
lr0.0005_bs64_dr0.0_ls0.0,42,10,0.0803,0.9755,0.0842,0.9746,31.24
lr0.0005_bs64_dr0.0_ls0.0,42,11,0.0738,0.9771,0.0770,0.9777,31.35
lr0.0005_bs64_dr0.0_ls0.0,42,12,0.0696,0.9790,0.0890,0.9741,31.30
lr0.0005_bs64_dr0.0_ls0.0,42,13,0.0660,0.9798,0.0747,0.9782,30.91
lr0.0005_bs64_dr0.0_ls0.0,42,14,0.0617,0.9812,0.0836,0.9755,30.75
lr0.0005_bs64_dr0.0_ls0.0,42,15,0.0581,0.9821,0.0706,0.9794,30.76
lr0.0005_bs64_dr0.0_ls0.0,42,16,0.0528,0.9839,0.0606,0.9819,30.78
lr0.0005_bs64_dr0.0_ls0.0,42,17,0.0496,0.9849,0.0758,0.9780,30.69
lr0.0005_bs64_dr0.0_ls0.0,42,18,0.0491,0.9853,0.0678,0.9801,30.67
lr0.0005_bs64_dr0.0_ls0.0,42,19,0.0475,0.9851,0.0584,0.9825,30.72
lr0.0005_bs64_dr0.0_ls0.0,42,20,0.0420,0.9869,0.0502,0.9856,30.75
lr0.0005_bs64_dr0.0_ls0.0,42,21,0.0427,0.9868,0.0633,0.9819,30.74
lr0.0005_bs64_dr0.0_ls0.0,42,22,0.0413,0.9869,0.0593,0.9827,30.76
lr0.0005_bs64_dr0.0_ls0.0,42,23,0.0377,0.9883,0.0509,0.9848,30.70
lr0.0005_bs64_dr0.0_ls0.0,42,24,0.0365,0.9882,0.0484,0.9855,30.71
lr0.0005_bs64_dr0.0_ls0.0,42,25,0.0348,0.9888,0.0508,0.9860,30.76
lr0.0005_bs64_dr0.0_ls0.0,42,26,0.0330,0.9894,0.0524,0.9838,30.73
lr0.0005_bs64_dr0.0_ls0.0,42,27,0.0324,0.9896,0.0534,0.9837,30.73
lr0.0005_bs64_dr0.0_ls0.0,42,28,0.0314,0.9901,0.0517,0.9860,30.67
lr0.0005_bs64_dr0.0_ls0.0,42,29,0.0324,0.9897,0.0526,0.9844,30.69
lr0.0005_bs64_dr0.0_ls0.0,42,30,0.0275,0.9912,0.0585,0.9820,30.48
lr0.0005_bs64_dr0.0_ls0.0,42,31,0.0173,0.9947,0.0345,0.9907,30.57
lr0.0005_bs64_dr0.0_ls0.0,42,32,0.0143,0.9953,0.0334,0.9910,30.55
lr0.0005_bs64_dr0.0_ls0.0,42,33,0.0152,0.9955,0.0337,0.9913,30.74
lr0.0005_bs64_dr0.0_ls0.0,42,34,0.0157,0.9953,0.0366,0.9905,31.40
lr0.0005_bs64_dr0.0_ls0.0,42,35,0.0127,0.9958,0.0329,0.9907,31.38
lr0.0005_bs64_dr0.0_ls0.0,42,36,0.0114,0.9964,0.0388,0.9910,31.41
lr0.0005_bs64_dr0.0_ls0.0,42,37,0.0127,0.9959,0.0351,0.9912,31.39
lr0.0005_bs64_dr0.0_ls0.0,42,38,0.0125,0.9962,0.0350,0.9901,31.18
lr0.0005_bs64_dr0.0_ls0.0,42,39,0.0109,0.9964,0.0290,0.9921,31.17
lr0.0005_bs64_dr0.0_ls0.0,42,40,0.0123,0.9960,0.0386,0.9907,30.97
lr0.0005_bs64_dr0.0_ls0.0,42,41,0.0107,0.9964,0.0306,0.9915,30.99
lr0.0005_bs64_dr0.0_ls0.0,42,42,0.0110,0.9965,0.0312,0.9920,30.75
lr0.0005_bs64_dr0.0_ls0.0,42,43,0.0102,0.9966,0.0310,0.9911,30.68
lr0.0005_bs64_dr0.0_ls0.0,42,44,0.0098,0.9967,0.0295,0.9914,30.80
lr0.0005_bs64_dr0.0_ls0.0,42,45,0.0099,0.9968,0.0345,0.9908,31.06
lr0.0005_bs64_dr0.0_ls0.0,42,46,0.0068,0.9977,0.0252,0.9934,31.04
lr0.0005_bs64_dr0.0_ls0.0,42,47,0.0061,0.9980,0.0249,0.9937,31.03
lr0.0005_bs64_dr0.0_ls0.0,42,48,0.0058,0.9984,0.0319,0.9924,31.05
lr0.0005_bs64_dr0.0_ls0.0,42,49,0.0050,0.9986,0.0308,0.9924,31.02
lr0.0005_bs64_dr0.0_ls0.0,42,50,0.0050,0.9984,0.0295,0.9933,31.02
lr0.0005_bs64_dr0.0_ls0.0,42,51,0.0058,0.9982,0.0246,0.9945,31.04
lr0.0005_bs64_dr0.0_ls0.0,42,52,0.0044,0.9987,0.0290,0.9926,31.05
lr0.0005_bs64_dr0.0_ls0.0,42,53,0.0045,0.9986,0.0284,0.9933,30.79
lr0.0005_bs64_dr0.0_ls0.0,42,54,0.0050,0.9985,0.0275,0.9927,30.86
lr0.0005_bs64_dr0.0_ls0.0,42,55,0.0048,0.9983,0.0253,0.9939,30.86
lr0.0005_bs64_dr0.0_ls0.0,42,56,0.0042,0.9987,0.0266,0.9931,30.88
lr0.0005_bs64_dr0.0_ls0.0,42,57,0.0043,0.9987,0.0260,0.9940,30.87
lr0.0005_bs64_dr0.0_ls0.0,42,58,0.0036,0.9989,0.0265,0.9938,30.87
lr0.0005_bs64_dr0.0_ls0.0,42,59,0.0029,0.9992,0.0262,0.9939,30.84
lr0.0005_bs64_dr0.0_ls0.0,42,60,0.0030,0.9992,0.0227,0.9946,30.91
lr0.0005_bs64_dr0.0_ls0.0,42,61,0.0020,0.9994,0.0253,0.9939,31.15
lr0.0005_bs64_dr0.0_ls0.0,42,62,0.0030,0.9989,0.0254,0.9939,31.16
lr0.0005_bs64_dr0.0_ls0.0,42,63,0.0020,0.9994,0.0232,0.9946,31.11
lr0.0005_bs64_dr0.0_ls0.0,42,64,0.0022,0.9994,0.0282,0.9937,31.12
lr0.0005_bs64_dr0.0_ls0.0,42,65,0.0025,0.9991,0.0238,0.9950,31.15
lr0.0005_bs64_dr0.0_ls0.0,42,66,0.0027,0.9991,0.0254,0.9941,31.11
lr0.0005_bs64_dr0.0_ls0.0,42,67,0.0019,0.9993,0.0247,0.9942,31.09
lr0.0005_bs64_dr0.0_ls0.0,42,68,0.0017,0.9995,0.0243,0.9945,31.05
lr0.0005_bs64_dr0.0_ls0.0,42,69,0.0019,0.9995,0.0275,0.9942,31.06
lr0.0005_bs64_dr0.0_ls0.0,42,70,0.0018,0.9994,0.0213,0.9950,31.04
lr0.0005_bs64_dr0.0_ls0.0,42,71,0.0015,0.9996,0.0228,0.9952,31.06
lr0.0005_bs64_dr0.0_ls0.0,42,72,0.0017,0.9995,0.0265,0.9944,31.08
lr0.0005_bs64_dr0.0_ls0.0,42,73,0.0014,0.9996,0.0236,0.9947,31.05
lr0.0005_bs64_dr0.0_ls0.0,42,74,0.0015,0.9996,0.0237,0.9945,30.89
lr0.0005_bs64_dr0.0_ls0.0,42,75,0.0016,0.9995,0.0271,0.9944,30.89
lr0.0005_bs64_dr0.0_ls0.0,42,76,0.0012,0.9996,0.0225,0.9951,30.91
lr0.0005_bs64_dr0.0_ls0.0,42,77,0.0019,0.9994,0.0245,0.9952,30.91
lr0.0005_bs64_dr0.0_ls0.0,42,78,0.0011,0.9998,0.0222,0.9951,30.69
lr0.0005_bs64_dr0.0_ls0.0,42,79,0.0015,0.9996,0.0217,0.9954,30.68
lr0.0005_bs64_dr0.0_ls0.0,42,80,0.0015,0.9996,0.0238,0.9950,30.58
lr0.0005_bs64_dr0.0_ls0.0,42,81,0.0012,0.9997,0.0231,0.9946,30.56
lr0.0005_bs64_dr0.0_ls0.0,42,82,0.0010,0.9998,0.0253,0.9939,30.65
lr0.0005_bs64_dr0.0_ls0.0,42,83,0.0010,0.9998,0.0229,0.9947,31.10
lr0.0005_bs64_dr0.0_ls0.0,42,84,0.0011,0.9996,0.0227,0.9955,31.05
lr0.0005_bs64_dr0.0_ls0.0,42,85,0.0009,0.9998,0.0224,0.9944,30.80
lr0.0005_bs64_dr0.0_ls0.0,42,86,0.0010,0.9998,0.0210,0.9951,30.87
lr0.0005_bs64_dr0.0_ls0.0,42,87,0.0011,0.9996,0.0231,0.9950,30.74
lr0.0005_bs64_dr0.0_ls0.0,42,88,0.0008,0.9998,0.0203,0.9953,30.72
lr0.0005_bs64_dr0.0_ls0.0,42,89,0.0009,0.9997,0.0215,0.9948,30.75
lr0.0005_bs64_dr0.0_ls0.0,42,90,0.0008,0.9998,0.0237,0.9947,30.89
lr0.0005_bs64_dr0.0_ls0.0,42,91,0.0010,0.9997,0.0205,0.9953,31.39
lr0.0005_bs64_dr0.0_ls0.0,42,92,0.0008,0.9999,0.0216,0.9953,31.38
lr0.0005_bs64_dr0.0_ls0.0,42,93,0.0007,0.9999,0.0220,0.9948,31.16
lr0.0005_bs64_dr0.0_ls0.0,42,94,0.0012,0.9997,0.0201,0.9954,30.96
lr0.0005_bs64_dr0.0_ls0.0,42,95,0.0011,0.9997,0.0207,0.9955,30.99
lr0.0005_bs64_dr0.0_ls0.0,42,96,0.0010,0.9997,0.0244,0.9945,31.02
lr0.0005_bs64_dr0.0_ls0.0,42,97,0.0011,0.9997,0.0218,0.9953,31.04
lr0.0005_bs64_dr0.0_ls0.0,42,98,0.0013,0.9996,0.0228,0.9956,31.03
lr0.0005_bs64_dr0.0_ls0.0,42,99,0.0009,0.9999,0.0238,0.9952,31.02
lr0.0005_bs64_dr0.0_ls0.0,42,100,0.0010,0.9998,0.0235,0.9944,31.07
lr0.0005_bs64_dr0.0_ls0.1,42,1,3.4676,0.4178,1.7240,0.6968,31.55
lr0.0005_bs64_dr0.0_ls0.1,42,2,1.2525,0.8563,1.0864,0.9089,31.81
lr0.0005_bs64_dr0.0_ls0.1,42,3,1.0032,0.9370,1.0269,0.9214,31.80
lr0.0005_bs64_dr0.0_ls0.1,42,4,0.9200,0.9581,0.9484,0.9438,31.44
lr0.0005_bs64_dr0.0_ls0.1,42,5,0.8759,0.9691,0.9359,0.9465,31.46
lr0.0005_bs64_dr0.0_ls0.1,42,6,0.8485,0.9742,0.8633,0.9699,31.46
lr0.0005_bs64_dr0.0_ls0.1,42,7,0.8301,0.9782,0.8327,0.9745,31.27
lr0.0005_bs64_dr0.0_ls0.1,42,8,0.8137,0.9804,0.8279,0.9751,31.28
lr0.0005_bs64_dr0.0_ls0.1,42,9,0.8026,0.9824,0.8058,0.9784,31.28
lr0.0005_bs64_dr0.0_ls0.1,42,10,0.7921,0.9842,0.7898,0.9825,31.23
lr0.0005_bs64_dr0.0_ls0.1,42,11,0.7831,0.9853,0.7860,0.9817,31.19
lr0.0005_bs64_dr0.0_ls0.1,42,12,0.7775,0.9860,0.7934,0.9769,31.06
lr0.0005_bs64_dr0.0_ls0.1,42,13,0.7698,0.9873,0.7693,0.9858,31.02
lr0.0005_bs64_dr0.0_ls0.1,42,14,0.7644,0.9875,0.7638,0.9858,31.04
lr0.0005_bs64_dr0.0_ls0.1,42,15,0.7603,0.9886,0.7630,0.9851,31.08
lr0.0005_bs64_dr0.0_ls0.1,42,16,0.7533,0.9902,0.7547,0.9874,31.07
lr0.0005_bs64_dr0.0_ls0.1,42,17,0.7501,0.9902,0.7721,0.9827,31.07
lr0.0005_bs64_dr0.0_ls0.1,42,18,0.7457,0.9914,0.7667,0.9834,31.08
lr0.0005_bs64_dr0.0_ls0.1,42,19,0.7461,0.9907,0.7518,0.9867,31.13
lr0.0005_bs64_dr0.0_ls0.1,42,20,0.7402,0.9919,0.7399,0.9880,31.73
lr0.0005_bs64_dr0.0_ls0.1,42,21,0.7410,0.9911,0.7496,0.9876,31.62
lr0.0005_bs64_dr0.0_ls0.1,42,22,0.7363,0.9925,0.7364,0.9903,31.64
lr0.0005_bs64_dr0.0_ls0.1,42,23,0.7357,0.9920,0.7495,0.9865,31.56
lr0.0005_bs64_dr0.0_ls0.1,42,24,0.7339,0.9926,0.7374,0.9895,30.96
lr0.0005_bs64_dr0.0_ls0.1,42,25,0.7316,0.9934,0.7366,0.9890,30.97
lr0.0005_bs64_dr0.0_ls0.1,42,26,0.7305,0.9934,0.7295,0.9912,30.98
lr0.0005_bs64_dr0.0_ls0.1,42,27,0.7280,0.9935,0.7427,0.9878,30.78
lr0.0005_bs64_dr0.0_ls0.1,42,28,0.7281,0.9935,0.7334,0.9890,30.77
lr0.0005_bs64_dr0.0_ls0.1,42,29,0.7267,0.9937,0.7372,0.9885,30.86
lr0.0005_bs64_dr0.0_ls0.1,42,30,0.7248,0.9941,0.7396,0.9880,31.14
lr0.0005_bs64_dr0.0_ls0.1,42,31,0.7236,0.9942,0.7362,0.9887,31.16
lr0.0005_bs64_dr0.0_ls0.1,42,32,0.7220,0.9945,0.7285,0.9905,31.17
lr0.0005_bs64_dr0.0_ls0.1,42,33,0.7229,0.9944,0.7348,0.9897,31.15
lr0.0005_bs64_dr0.0_ls0.1,42,34,0.7216,0.9948,0.7262,0.9919,31.13
lr0.0005_bs64_dr0.0_ls0.1,42,35,0.7197,0.9952,0.7254,0.9913,31.11
lr0.0005_bs64_dr0.0_ls0.1,42,36,0.7193,0.9952,0.7291,0.9910,31.12
lr0.0005_bs64_dr0.0_ls0.1,42,37,0.7195,0.9951,0.7348,0.9895,31.10
lr0.0005_bs64_dr0.0_ls0.1,42,38,0.7176,0.9958,0.7250,0.9914,31.08
lr0.0005_bs64_dr0.0_ls0.1,42,39,0.7163,0.9958,0.7285,0.9910,31.12
lr0.0005_bs64_dr0.0_ls0.1,42,40,0.7180,0.9952,0.7286,0.9914,31.15
lr0.0005_bs64_dr0.0_ls0.1,42,41,0.7160,0.9957,0.7259,0.9904,31.09
lr0.0005_bs64_dr0.0_ls0.1,42,42,0.7143,0.9961,0.7255,0.9916,31.05
lr0.0005_bs64_dr0.0_ls0.1,42,43,0.7135,0.9963,0.7361,0.9879,30.93
lr0.0005_bs64_dr0.0_ls0.1,42,44,0.7151,0.9957,0.7242,0.9913,30.73
lr0.0005_bs64_dr0.0_ls0.1,42,45,0.7133,0.9964,0.7309,0.9902,30.72
lr0.0005_bs64_dr0.0_ls0.1,42,46,0.7128,0.9963,0.7214,0.9919,30.72
lr0.0005_bs64_dr0.0_ls0.1,42,47,0.7126,0.9962,0.7192,0.9925,30.91
lr0.0005_bs64_dr0.0_ls0.1,42,48,0.7124,0.9961,0.7276,0.9906,30.99
lr0.0005_bs64_dr0.0_ls0.1,42,49,0.7121,0.9963,0.7202,0.9925,30.94
lr0.0005_bs64_dr0.0_ls0.1,42,50,0.7111,0.9964,0.7258,0.9903,30.95
lr0.0005_bs64_dr0.0_ls0.1,42,51,0.7104,0.9968,0.7250,0.9914,30.99
lr0.0005_bs64_dr0.0_ls0.1,42,52,0.7102,0.9966,0.7210,0.9921,30.99
lr0.0005_bs64_dr0.0_ls0.1,42,53,0.7093,0.9969,0.7236,0.9915,30.98
lr0.0005_bs64_dr0.0_ls0.1,42,54,0.7041,0.9980,0.7124,0.9942,30.99
lr0.0005_bs64_dr0.0_ls0.1,42,55,0.7022,0.9985,0.7113,0.9947,30.98
lr0.0005_bs64_dr0.0_ls0.1,42,56,0.7016,0.9988,0.7135,0.9940,31.03
lr0.0005_bs64_dr0.0_ls0.1,42,57,0.7020,0.9986,0.7148,0.9933,31.00
lr0.0005_bs64_dr0.0_ls0.1,42,58,0.7026,0.9983,0.7144,0.9936,31.00
lr0.0005_bs64_dr0.0_ls0.1,42,59,0.7023,0.9984,0.7115,0.9942,30.98
lr0.0005_bs64_dr0.0_ls0.1,42,60,0.7006,0.9990,0.7119,0.9947,30.99
lr0.0005_bs64_dr0.0_ls0.1,42,61,0.7013,0.9986,0.7164,0.9933,30.95
lr0.0005_bs64_dr0.0_ls0.1,42,62,0.6996,0.9990,0.7095,0.9953,30.96
lr0.0005_bs64_dr0.0_ls0.1,42,63,0.6983,0.9994,0.7095,0.9948,31.00
lr0.0005_bs64_dr0.0_ls0.1,42,64,0.6982,0.9994,0.7105,0.9945,30.99
lr0.0005_bs64_dr0.0_ls0.1,42,65,0.6982,0.9993,0.7092,0.9952,30.95
lr0.0005_bs64_dr0.0_ls0.1,42,66,0.6984,0.9993,0.7072,0.9960,30.98
lr0.0005_bs64_dr0.0_ls0.1,42,67,0.6978,0.9995,0.7097,0.9950,30.96
lr0.0005_bs64_dr0.0_ls0.1,42,68,0.6982,0.9993,0.7093,0.9947,30.98
lr0.0005_bs64_dr0.0_ls0.1,42,69,0.6975,0.9996,0.7117,0.9947,30.95
lr0.0005_bs64_dr0.0_ls0.1,42,70,0.6978,0.9994,0.7090,0.9951,30.98
lr0.0005_bs64_dr0.0_ls0.1,42,71,0.6976,0.9995,0.7094,0.9954,30.96
lr0.0005_bs64_dr0.0_ls0.1,42,72,0.6975,0.9995,0.7107,0.9947,30.96
lr0.0005_bs64_dr0.0_ls0.1,42,73,0.6968,0.9995,0.7078,0.9956,30.96
lr0.0005_bs64_dr0.0_ls0.1,42,74,0.6966,0.9997,0.7072,0.9958,30.93
lr0.0005_bs64_dr0.0_ls0.1,42,75,0.6969,0.9996,0.7074,0.9953,30.92
lr0.0005_bs64_dr0.0_ls0.1,42,76,0.6965,0.9996,0.7059,0.9963,30.96
lr0.0005_bs64_dr0.0_ls0.1,42,77,0.6968,0.9995,0.7086,0.9950,30.96
lr0.0005_bs64_dr0.0_ls0.1,42,78,0.6964,0.9997,0.7074,0.9958,30.93
lr0.0005_bs64_dr0.0_ls0.1,42,79,0.6965,0.9996,0.7072,0.9954,30.94
lr0.0005_bs64_dr0.0_ls0.1,42,80,0.6964,0.9997,0.7084,0.9954,30.74
lr0.0005_bs64_dr0.0_ls0.1,42,81,0.6963,0.9997,0.7063,0.9962,30.64
lr0.0005_bs64_dr0.0_ls0.1,42,82,0.6960,0.9999,0.7071,0.9956,30.62
lr0.0005_bs64_dr0.0_ls0.1,42,83,0.6957,0.9999,0.7084,0.9952,30.54
lr0.0005_bs64_dr0.0_ls0.1,42,84,0.6960,0.9997,0.7063,0.9957,30.55
lr0.0005_bs64_dr0.0_ls0.1,42,85,0.6958,0.9998,0.7081,0.9956,30.57
lr0.0005_bs64_dr0.0_ls0.1,42,86,0.6956,0.9998,0.7062,0.9957,30.52
lr0.0005_bs64_dr0.0_ls0.1,42,87,0.6958,0.9998,0.7068,0.9956,30.78
lr0.0005_bs64_dr0.0_ls0.1,42,88,0.6957,0.9998,0.7056,0.9958,30.93
lr0.0005_bs64_dr0.0_ls0.1,42,89,0.6956,0.9998,0.7078,0.9953,30.93
lr0.0005_bs64_dr0.0_ls0.1,42,90,0.6956,0.9998,0.7081,0.9956,30.99
lr0.0005_bs64_dr0.0_ls0.1,42,91,0.6955,0.9998,0.7058,0.9961,30.96
lr0.0005_bs64_dr0.0_ls0.1,42,92,0.6956,0.9999,0.7057,0.9957,30.97
lr0.0005_bs64_dr0.0_ls0.1,42,93,0.6955,0.9999,0.7060,0.9960,30.97
lr0.0005_bs64_dr0.0_ls0.1,42,94,0.6957,0.9998,0.7059,0.9959,30.93
lr0.0005_bs64_dr0.0_ls0.1,42,95,0.6955,0.9999,0.7061,0.9953,30.95
lr0.0005_bs64_dr0.0_ls0.1,42,96,0.6954,0.9998,0.7069,0.9962,30.95
lr0.0005_bs64_dr0.0_ls0.1,42,97,0.6955,0.9999,0.7057,0.9963,30.93
lr0.0005_bs64_dr0.0_ls0.1,42,98,0.6954,0.9998,0.7065,0.9958,30.92
lr0.0005_bs64_dr0.0_ls0.1,42,99,0.6953,0.9999,0.7077,0.9956,30.94
lr0.0005_bs64_dr0.0_ls0.1,42,100,0.6954,0.9999,0.7065,0.9958,30.68
lr0.0005_bs64_dr0.1_ls0.0,42,1,2.9559,0.4377,1.0626,0.6946,31.79
lr0.0005_bs64_dr0.1_ls0.0,42,2,0.5356,0.8395,0.3345,0.8970,32.23
lr0.0005_bs64_dr0.1_ls0.0,42,3,0.2802,0.9153,0.3118,0.9089,32.57
lr0.0005_bs64_dr0.1_ls0.0,42,4,0.1959,0.9410,0.1948,0.9415,32.47
lr0.0005_bs64_dr0.1_ls0.0,42,5,0.1570,0.9524,0.1433,0.9565,32.50
lr0.0005_bs64_dr0.1_ls0.0,42,6,0.1310,0.9604,0.1284,0.9628,32.55
lr0.0005_bs64_dr0.1_ls0.0,42,7,0.1198,0.9636,0.1418,0.9577,32.48
lr0.0005_bs64_dr0.1_ls0.0,42,8,0.1044,0.9676,0.1218,0.9629,32.30
lr0.0005_bs64_dr0.1_ls0.0,42,9,0.0941,0.9712,0.1420,0.9601,32.09
lr0.0005_bs64_dr0.1_ls0.0,42,10,0.0870,0.9732,0.0891,0.9756,32.12
lr0.0005_bs64_dr0.1_ls0.0,42,11,0.0829,0.9750,0.0952,0.9722,32.04
lr0.0005_bs64_dr0.1_ls0.0,42,12,0.0762,0.9764,0.1283,0.9625,32.35
lr0.0005_bs64_dr0.1_ls0.0,42,13,0.0712,0.9778,0.0887,0.9740,32.59
lr0.0005_bs64_dr0.1_ls0.0,42,14,0.0649,0.9800,0.0746,0.9778,32.35
lr0.0005_bs64_dr0.1_ls0.0,42,15,0.0605,0.9817,0.0733,0.9793,32.33
lr0.0005_bs64_dr0.1_ls0.0,42,16,0.0589,0.9815,0.0775,0.9774,32.41
lr0.0005_bs64_dr0.1_ls0.0,42,17,0.0570,0.9825,0.0930,0.9728,32.21
lr0.0005_bs64_dr0.1_ls0.0,42,18,0.0520,0.9839,0.0756,0.9786,32.51
lr0.0005_bs64_dr0.1_ls0.0,42,19,0.0514,0.9841,0.0546,0.9835,32.26
lr0.0005_bs64_dr0.1_ls0.0,42,20,0.0465,0.9859,0.0593,0.9832,32.20
lr0.0005_bs64_dr0.1_ls0.0,42,21,0.0466,0.9856,0.0818,0.9766,32.19
lr0.0005_bs64_dr0.1_ls0.0,42,22,0.0447,0.9858,0.0698,0.9790,32.08
lr0.0005_bs64_dr0.1_ls0.0,42,23,0.0440,0.9861,0.0640,0.9821,32.09
lr0.0005_bs64_dr0.1_ls0.0,42,24,0.0414,0.9874,0.0526,0.9853,32.11
lr0.0005_bs64_dr0.1_ls0.0,42,25,0.0400,0.9874,0.0599,0.9833,32.57
lr0.0005_bs64_dr0.1_ls0.0,42,26,0.0365,0.9883,0.0692,0.9801,32.42
lr0.0005_bs64_dr0.1_ls0.0,42,27,0.0381,0.9881,0.0596,0.9821,32.43
lr0.0005_bs64_dr0.1_ls0.0,42,28,0.0323,0.9898,0.0511,0.9858,32.43
lr0.0005_bs64_dr0.1_ls0.0,42,29,0.0372,0.9881,0.0672,0.9824,32.43
lr0.0005_bs64_dr0.1_ls0.0,42,30,0.0322,0.9901,0.0516,0.9857,32.41
lr0.0005_bs64_dr0.1_ls0.0,42,31,0.0293,0.9906,0.0505,0.9848,32.40
lr0.0005_bs64_dr0.1_ls0.0,42,32,0.0318,0.9901,0.0540,0.9851,32.41
lr0.0005_bs64_dr0.1_ls0.0,42,33,0.0325,0.9899,0.0508,0.9864,32.16
lr0.0005_bs64_dr0.1_ls0.0,42,34,0.0300,0.9906,0.0573,0.9843,32.17
lr0.0005_bs64_dr0.1_ls0.0,42,35,0.0264,0.9915,0.0522,0.9866,32.11
lr0.0005_bs64_dr0.1_ls0.0,42,36,0.0281,0.9909,0.0477,0.9880,32.13
lr0.0005_bs64_dr0.1_ls0.0,42,37,0.0264,0.9917,0.0493,0.9869,32.11
lr0.0005_bs64_dr0.1_ls0.0,42,38,0.0277,0.9914,0.0462,0.9869,31.99
lr0.0005_bs64_dr0.1_ls0.0,42,39,0.0245,0.9925,0.0459,0.9865,31.97
lr0.0005_bs64_dr0.1_ls0.0,42,40,0.0241,0.9923,0.0521,0.9870,31.73
lr0.0005_bs64_dr0.1_ls0.0,42,41,0.0258,0.9922,0.0445,0.9878,31.77
lr0.0005_bs64_dr0.1_ls0.0,42,42,0.0232,0.9928,0.0498,0.9874,31.61
lr0.0005_bs64_dr0.1_ls0.0,42,43,0.0217,0.9929,0.0560,0.9839,31.88
lr0.0005_bs64_dr0.1_ls0.0,42,44,0.0230,0.9929,0.0480,0.9866,32.03
lr0.0005_bs64_dr0.1_ls0.0,42,45,0.0221,0.9933,0.0546,0.9857,31.99
lr0.0005_bs64_dr0.1_ls0.0,42,46,0.0214,0.9933,0.0428,0.9879,31.97
lr0.0005_bs64_dr0.1_ls0.0,42,47,0.0216,0.9929,0.0458,0.9886,32.06
lr0.0005_bs64_dr0.1_ls0.0,42,48,0.0220,0.9932,0.0443,0.9890,31.92
lr0.0005_bs64_dr0.1_ls0.0,42,49,0.0198,0.9936,0.0492,0.9882,31.93
lr0.0005_bs64_dr0.1_ls0.0,42,50,0.0168,0.9947,0.0409,0.9901,31.99
lr0.0005_bs64_dr0.1_ls0.0,42,51,0.0203,0.9938,0.0446,0.9882,31.95
lr0.0005_bs64_dr0.1_ls0.0,42,52,0.0179,0.9940,0.0482,0.9875,31.98
lr0.0005_bs64_dr0.1_ls0.0,42,53,0.0174,0.9948,0.0562,0.9858,31.94
lr0.0005_bs64_dr0.1_ls0.0,42,54,0.0186,0.9942,0.0445,0.9886,31.92
lr0.0005_bs64_dr0.1_ls0.0,42,55,0.0167,0.9946,0.0409,0.9896,31.97
lr0.0005_bs64_dr0.1_ls0.0,42,56,0.0167,0.9948,0.0420,0.9892,31.92
lr0.0005_bs64_dr0.1_ls0.0,42,57,0.0096,0.9969,0.0324,0.9910,31.92
lr0.0005_bs64_dr0.1_ls0.0,42,58,0.0096,0.9969,0.0394,0.9905,31.95
lr0.0005_bs64_dr0.1_ls0.0,42,59,0.0095,0.9970,0.0356,0.9912,31.98
lr0.0005_bs64_dr0.1_ls0.0,42,60,0.0080,0.9976,0.0350,0.9903,31.96
lr0.0005_bs64_dr0.1_ls0.0,42,61,0.0083,0.9975,0.0367,0.9905,31.95
lr0.0005_bs64_dr0.1_ls0.0,42,62,0.0080,0.9975,0.0375,0.9910,32.02
lr0.0005_bs64_dr0.1_ls0.0,42,63,0.0080,0.9973,0.0339,0.9910,32.00
lr0.0005_bs64_dr0.1_ls0.0,42,64,0.0052,0.9985,0.0322,0.9924,32.03
lr0.0005_bs64_dr0.1_ls0.0,42,65,0.0051,0.9984,0.0280,0.9938,33.49
lr0.0005_bs64_dr0.1_ls0.0,42,66,0.0049,0.9984,0.0292,0.9928,34.76
lr0.0005_bs64_dr0.1_ls0.0,42,67,0.0049,0.9985,0.0339,0.9924,31.02
lr0.0005_bs64_dr0.1_ls0.0,42,68,0.0042,0.9985,0.0289,0.9928,32.11
lr0.0005_bs64_dr0.1_ls0.0,42,69,0.0041,0.9988,0.0294,0.9935,32.81
lr0.0005_bs64_dr0.1_ls0.0,42,70,0.0039,0.9988,0.0265,0.9944,32.51
lr0.0005_bs64_dr0.1_ls0.0,42,71,0.0040,0.9988,0.0283,0.9935,32.48
lr0.0005_bs64_dr0.1_ls0.0,42,72,0.0043,0.9988,0.0334,0.9927,32.31
lr0.0005_bs64_dr0.1_ls0.0,42,73,0.0040,0.9988,0.0292,0.9929,32.11
lr0.0005_bs64_dr0.1_ls0.0,42,74,0.0032,0.9991,0.0303,0.9923,32.12
lr0.0005_bs64_dr0.1_ls0.0,42,75,0.0037,0.9988,0.0307,0.9923,32.09
lr0.0005_bs64_dr0.1_ls0.0,42,76,0.0038,0.9989,0.0327,0.9926,32.14
lr0.0005_bs64_dr0.1_ls0.0,42,77,0.0035,0.9989,0.0305,0.9931,32.10
lr0.0005_bs64_dr0.1_ls0.0,42,78,0.0026,0.9992,0.0271,0.9936,32.12
lr0.0005_bs64_dr0.1_ls0.0,42,79,0.0026,0.9991,0.0266,0.9937,32.16
lr0.0005_bs64_dr0.1_ls0.0,42,80,0.0026,0.9994,0.0272,0.9941,32.14
lr0.0005_bs64_dr0.1_ls0.0,42,81,0.0023,0.9993,0.0282,0.9936,32.13
lr0.0005_bs64_dr0.1_ls0.0,42,82,0.0020,0.9993,0.0279,0.9938,32.38
lr0.0005_bs64_dr0.1_ls0.0,42,83,0.0017,0.9995,0.0296,0.9937,32.29
lr0.0005_bs64_dr0.1_ls0.0,42,84,0.0019,0.9994,0.0279,0.9942,32.13
lr0.0005_bs64_dr0.1_ls0.0,42,85,0.0015,0.9995,0.0261,0.9942,31.92
lr0.0005_bs64_dr0.1_ls0.0,42,86,0.0017,0.9995,0.0257,0.9948,31.93
lr0.0005_bs64_dr0.1_ls0.0,42,87,0.0016,0.9995,0.0274,0.9938,32.40
lr0.0005_bs64_dr0.1_ls0.0,42,88,0.0014,0.9996,0.0284,0.9933,32.77
lr0.0005_bs64_dr0.1_ls0.0,42,89,0.0012,0.9998,0.0248,0.9948,32.72
lr0.0005_bs64_dr0.1_ls0.0,42,90,0.0015,0.9996,0.0262,0.9941,32.73
lr0.0005_bs64_dr0.1_ls0.0,42,91,0.0018,0.9995,0.0245,0.9948,31.51
lr0.0005_bs64_dr0.1_ls0.0,42,92,0.0015,0.9996,0.0248,0.9944,31.65
lr0.0005_bs64_dr0.1_ls0.0,42,93,0.0014,0.9996,0.0267,0.9940,32.21
lr0.0005_bs64_dr0.1_ls0.0,42,94,0.0019,0.9995,0.0254,0.9944,32.37
lr0.0005_bs64_dr0.1_ls0.0,42,95,0.0015,0.9996,0.0264,0.9940,32.36
lr0.0005_bs64_dr0.1_ls0.0,42,96,0.0014,0.9995,0.0279,0.9941,32.12
lr0.0005_bs64_dr0.1_ls0.0,42,97,0.0015,0.9995,0.0264,0.9943,32.10
lr0.0005_bs64_dr0.1_ls0.0,42,98,0.0016,0.9994,0.0266,0.9939,32.14
lr0.0005_bs64_dr0.1_ls0.0,42,99,0.0014,0.9995,0.0283,0.9940,32.11
lr0.0005_bs64_dr0.1_ls0.0,42,100,0.0016,0.9996,0.0273,0.9942,32.11
lr0.0005_bs64_dr0.1_ls0.1,42,1,3.4715,0.4149,1.8433,0.6586,32.12
lr0.0005_bs64_dr0.1_ls0.1,42,2,1.3513,0.8233,1.1835,0.8826,32.07
lr0.0005_bs64_dr0.1_ls0.1,42,3,1.0752,0.9171,1.1020,0.8973,32.07
lr0.0005_bs64_dr0.1_ls0.1,42,4,0.9718,0.9470,0.9922,0.9351,32.10
lr0.0005_bs64_dr0.1_ls0.1,42,5,0.9210,0.9594,0.8956,0.9661,32.13
lr0.0005_bs64_dr0.1_ls0.1,42,6,0.8862,0.9666,0.9040,0.9561,32.08
lr0.0005_bs64_dr0.1_ls0.1,42,7,0.8617,0.9723,0.8487,0.9727,32.13
lr0.0005_bs64_dr0.1_ls0.1,42,8,0.8382,0.9775,0.8440,0.9715,32.11
lr0.0005_bs64_dr0.1_ls0.1,42,9,0.8256,0.9779,0.8465,0.9692,32.07
lr0.0005_bs64_dr0.1_ls0.1,42,10,0.8130,0.9804,0.8054,0.9785,32.11
lr0.0005_bs64_dr0.1_ls0.1,42,11,0.8040,0.9814,0.8171,0.9731,32.12
lr0.0005_bs64_dr0.1_ls0.1,42,12,0.7927,0.9841,0.8029,0.9762,32.13
lr0.0005_bs64_dr0.1_ls0.1,42,13,0.7888,0.9839,0.7930,0.9806,32.13
lr0.0005_bs64_dr0.1_ls0.1,42,14,0.7793,0.9857,0.7846,0.9823,32.13
lr0.0005_bs64_dr0.1_ls0.1,42,15,0.7734,0.9862,0.7848,0.9806,32.09
lr0.0005_bs64_dr0.1_ls0.1,42,16,0.7688,0.9870,0.7708,0.9834,32.53
lr0.0005_bs64_dr0.1_ls0.1,42,17,0.7625,0.9884,0.7967,0.9743,32.73
lr0.0005_bs64_dr0.1_ls0.1,42,18,0.7595,0.9885,0.7871,0.9761,32.72
lr0.0005_bs64_dr0.1_ls0.1,42,19,0.7554,0.9892,0.7666,0.9825,32.29
lr0.0005_bs64_dr0.1_ls0.1,42,20,0.7506,0.9903,0.7552,0.9865,32.29
lr0.0005_bs64_dr0.1_ls0.1,42,21,0.7518,0.9894,0.7613,0.9832,32.10
lr0.0005_bs64_dr0.1_ls0.1,42,22,0.7475,0.9901,0.7520,0.9866,32.11
lr0.0005_bs64_dr0.1_ls0.1,42,23,0.7444,0.9907,0.7522,0.9860,32.14
lr0.0005_bs64_dr0.1_ls0.1,42,24,0.7418,0.9915,0.7513,0.9850,32.24
lr0.0005_bs64_dr0.1_ls0.1,42,25,0.7413,0.9909,0.7527,0.9857,32.66
lr0.0005_bs64_dr0.1_ls0.1,42,26,0.7391,0.9916,0.7438,0.9874,32.68
lr0.0005_bs64_dr0.1_ls0.1,42,27,0.7350,0.9926,0.7493,0.9878,32.67
lr0.0005_bs64_dr0.1_ls0.1,42,28,0.7350,0.9925,0.7498,0.9853,32.38
lr0.0005_bs64_dr0.1_ls0.1,42,29,0.7344,0.9924,0.7435,0.9884,32.42
lr0.0005_bs64_dr0.1_ls0.1,42,30,0.7308,0.9930,0.7487,0.9857,32.42
lr0.0005_bs64_dr0.1_ls0.1,42,31,0.7303,0.9932,0.7494,0.9844,32.17
lr0.0005_bs64_dr0.1_ls0.1,42,32,0.7281,0.9940,0.7384,0.9879,32.20
lr0.0005_bs64_dr0.1_ls0.1,42,33,0.7291,0.9932,0.7368,0.9899,32.33
lr0.0005_bs64_dr0.1_ls0.1,42,34,0.7280,0.9938,0.7338,0.9892,32.84
lr0.0005_bs64_dr0.1_ls0.1,42,35,0.7248,0.9943,0.7366,0.9886,32.82
lr0.0005_bs64_dr0.1_ls0.1,42,36,0.7250,0.9941,0.7336,0.9893,32.77
lr0.0005_bs64_dr0.1_ls0.1,42,37,0.7237,0.9945,0.7369,0.9879,32.48
lr0.0005_bs64_dr0.1_ls0.1,42,38,0.7235,0.9946,0.7380,0.9881,32.30
lr0.0005_bs64_dr0.1_ls0.1,42,39,0.7231,0.9947,0.7416,0.9870,32.31
lr0.0005_bs64_dr0.1_ls0.1,42,40,0.7229,0.9940,0.7301,0.9901,32.12
lr0.0005_bs64_dr0.1_ls0.1,42,41,0.7207,0.9949,0.7312,0.9896,32.12
lr0.0005_bs64_dr0.1_ls0.1,42,42,0.7200,0.9951,0.7312,0.9899,32.15
lr0.0005_bs64_dr0.1_ls0.1,42,43,0.7180,0.9956,0.7388,0.9871,32.35
lr0.0005_bs64_dr0.1_ls0.1,42,44,0.7188,0.9953,0.7321,0.9893,32.86
lr0.0005_bs64_dr0.1_ls0.1,42,45,0.7184,0.9949,0.7332,0.9887,32.74
lr0.0005_bs64_dr0.1_ls0.1,42,46,0.7190,0.9948,0.7244,0.9915,32.30
lr0.0005_bs64_dr0.1_ls0.1,42,47,0.7168,0.9957,0.7292,0.9896,32.13
lr0.0005_bs64_dr0.1_ls0.1,42,48,0.7175,0.9953,0.7280,0.9901,32.13
lr0.0005_bs64_dr0.1_ls0.1,42,49,0.7150,0.9960,0.7276,0.9903,32.10
lr0.0005_bs64_dr0.1_ls0.1,42,50,0.7156,0.9957,0.7274,0.9903,31.95
lr0.0005_bs64_dr0.1_ls0.1,42,51,0.7166,0.9955,0.7280,0.9907,31.78
lr0.0005_bs64_dr0.1_ls0.1,42,52,0.7130,0.9964,0.7245,0.9910,32.16
lr0.0005_bs64_dr0.1_ls0.1,42,53,0.7073,0.9977,0.7206,0.9926,32.12
lr0.0005_bs64_dr0.1_ls0.1,42,54,0.7070,0.9979,0.7210,0.9924,32.11
lr0.0005_bs64_dr0.1_ls0.1,42,55,0.7063,0.9980,0.7137,0.9947,32.15
lr0.0005_bs64_dr0.1_ls0.1,42,56,0.7060,0.9980,0.7180,0.9925,32.00
lr0.0005_bs64_dr0.1_ls0.1,42,57,0.7054,0.9980,0.7179,0.9926,31.78
lr0.0005_bs64_dr0.1_ls0.1,42,58,0.7063,0.9978,0.7192,0.9926,31.80
lr0.0005_bs64_dr0.1_ls0.1,42,59,0.7053,0.9982,0.7173,0.9930,32.10
lr0.0005_bs64_dr0.1_ls0.1,42,60,0.7044,0.9984,0.7198,0.9924,32.13
lr0.0005_bs64_dr0.1_ls0.1,42,61,0.7042,0.9985,0.7224,0.9921,32.11
lr0.0005_bs64_dr0.1_ls0.1,42,62,0.7033,0.9986,0.7138,0.9939,32.15
lr0.0005_bs64_dr0.1_ls0.1,42,63,0.7017,0.9991,0.7135,0.9940,32.14
lr0.0005_bs64_dr0.1_ls0.1,42,64,0.7015,0.9991,0.7148,0.9935,31.91
lr0.0005_bs64_dr0.1_ls0.1,42,65,0.7013,0.9990,0.7135,0.9933,31.90
lr0.0005_bs64_dr0.1_ls0.1,42,66,0.7012,0.9991,0.7124,0.9942,31.91
lr0.0005_bs64_dr0.1_ls0.1,42,67,0.7016,0.9990,0.7164,0.9928,31.93
lr0.0005_bs64_dr0.1_ls0.1,42,68,0.7009,0.9992,0.7134,0.9940,31.92
lr0.0005_bs64_dr0.1_ls0.1,42,69,0.7007,0.9992,0.7144,0.9936,31.88
lr0.0005_bs64_dr0.1_ls0.1,42,70,0.7006,0.9993,0.7114,0.9947,31.86
lr0.0005_bs64_dr0.1_ls0.1,42,71,0.7008,0.9991,0.7155,0.9940,31.95
lr0.0005_bs64_dr0.1_ls0.1,42,72,0.7006,0.9992,0.7168,0.9933,31.95
lr0.0005_bs64_dr0.1_ls0.1,42,73,0.7005,0.9992,0.7130,0.9946,31.96
lr0.0005_bs64_dr0.1_ls0.1,42,74,0.7001,0.9994,0.7154,0.9931,31.98
lr0.0005_bs64_dr0.1_ls0.1,42,75,0.7006,0.9991,0.7160,0.9930,32.07
lr0.0005_bs64_dr0.1_ls0.1,42,76,0.7004,0.9992,0.7127,0.9940,32.37
lr0.0005_bs64_dr0.1_ls0.1,42,77,0.6997,0.9993,0.7158,0.9931,32.32
lr0.0005_bs64_dr0.1_ls0.1,42,78,0.6993,0.9995,0.7124,0.9943,32.38
lr0.0005_bs64_dr0.1_ls0.1,42,79,0.6994,0.9994,0.7132,0.9938,32.34
lr0.0005_bs64_dr0.1_ls0.1,42,80,0.6992,0.9994,0.7123,0.9940,32.35
lr0.0005_bs64_dr0.1_ls0.1,42,81,0.6989,0.9995,0.7127,0.9939,32.14
lr0.0005_bs64_dr0.1_ls0.1,42,82,0.6989,0.9995,0.7118,0.9946,32.12
lr0.0005_bs64_dr0.1_ls0.1,42,83,0.6986,0.9996,0.7132,0.9940,32.13
lr0.0005_bs64_dr0.1_ls0.1,42,84,0.6986,0.9997,0.7116,0.9947,32.12
lr0.0005_bs64_dr0.1_ls0.1,42,85,0.6984,0.9996,0.7110,0.9948,32.13
lr0.0005_bs64_dr0.1_ls0.1,42,86,0.6983,0.9997,0.7099,0.9951,32.18
lr0.0005_bs64_dr0.1_ls0.1,42,87,0.6983,0.9997,0.7094,0.9951,32.50
lr0.0005_bs64_dr0.1_ls0.1,42,88,0.6982,0.9997,0.7121,0.9940,32.48
lr0.0005_bs64_dr0.1_ls0.1,42,89,0.6981,0.9996,0.7107,0.9944,32.33
lr0.0005_bs64_dr0.1_ls0.1,42,90,0.6982,0.9997,0.7140,0.9941,32.30
lr0.0005_bs64_dr0.1_ls0.1,42,91,0.6982,0.9997,0.7105,0.9947,32.31
lr0.0005_bs64_dr0.1_ls0.1,42,92,0.6981,0.9997,0.7115,0.9947,32.31
lr0.0005_bs64_dr0.1_ls0.1,42,93,0.6979,0.9997,0.7114,0.9947,32.28
lr0.0005_bs64_dr0.1_ls0.1,42,94,0.6985,0.9995,0.7099,0.9952,32.37
lr0.0005_bs64_dr0.1_ls0.1,42,95,0.6981,0.9996,0.7106,0.9948,32.29
lr0.0005_bs64_dr0.1_ls0.1,42,96,0.6980,0.9998,0.7103,0.9949,32.28
lr0.0005_bs64_dr0.1_ls0.1,42,97,0.6980,0.9997,0.7116,0.9945,32.12
lr0.0005_bs64_dr0.1_ls0.1,42,98,0.6980,0.9996,0.7116,0.9947,32.10
lr0.0005_bs64_dr0.1_ls0.1,42,99,0.6980,0.9997,0.7125,0.9942,32.11
lr0.0005_bs64_dr0.1_ls0.1,42,100,0.6977,0.9998,0.7120,0.9944,32.10
lr0.0005_bs128_dr0.0_ls0.0,42,1,3.2434,0.4361,0.9797,0.7227,27.96
lr0.0005_bs128_dr0.0_ls0.0,42,2,0.4920,0.8578,0.4614,0.8648,27.94
lr0.0005_bs128_dr0.0_ls0.0,42,3,0.2380,0.9303,0.2838,0.9173,28.42
lr0.0005_bs128_dr0.0_ls0.0,42,4,0.1597,0.9527,0.1809,0.9468,28.63
lr0.0005_bs128_dr0.0_ls0.0,42,5,0.1218,0.9634,0.1524,0.9533,28.58
lr0.0005_bs128_dr0.0_ls0.0,42,6,0.1065,0.9676,0.1189,0.9650,27.95
lr0.0005_bs128_dr0.0_ls0.0,42,7,0.0961,0.9706,0.1296,0.9616,27.65
lr0.0005_bs128_dr0.0_ls0.0,42,8,0.0823,0.9747,0.0951,0.9717,27.64
lr0.0005_bs128_dr0.0_ls0.0,42,9,0.0783,0.9765,0.0913,0.9722,27.64
lr0.0005_bs128_dr0.0_ls0.0,42,10,0.0692,0.9787,0.0898,0.9716,27.66
lr0.0005_bs128_dr0.0_ls0.0,42,11,0.0670,0.9794,0.0939,0.9724,27.70
lr0.0005_bs128_dr0.0_ls0.0,42,12,0.0619,0.9810,0.0960,0.9706,27.89
lr0.0005_bs128_dr0.0_ls0.0,42,13,0.0621,0.9807,0.0845,0.9752,27.90
lr0.0005_bs128_dr0.0_ls0.0,42,14,0.0559,0.9825,0.0868,0.9744,27.89
lr0.0005_bs128_dr0.0_ls0.0,42,15,0.0515,0.9837,0.0715,0.9784,27.86
lr0.0005_bs128_dr0.0_ls0.0,42,16,0.0488,0.9849,0.0659,0.9819,27.88
lr0.0005_bs128_dr0.0_ls0.0,42,17,0.0473,0.9848,0.0946,0.9722,27.89
lr0.0005_bs128_dr0.0_ls0.0,42,18,0.0478,0.9852,0.0597,0.9820,27.87
lr0.0005_bs128_dr0.0_ls0.0,42,19,0.0420,0.9868,0.0593,0.9834,27.87
lr0.0005_bs128_dr0.0_ls0.0,42,20,0.0433,0.9865,0.0716,0.9809,27.87
lr0.0005_bs128_dr0.0_ls0.0,42,21,0.0399,0.9880,0.0499,0.9854,27.86
lr0.0005_bs128_dr0.0_ls0.0,42,22,0.0390,0.9878,0.0514,0.9861,27.66
lr0.0005_bs128_dr0.0_ls0.0,42,23,0.0368,0.9887,0.0714,0.9807,27.72
lr0.0005_bs128_dr0.0_ls0.0,42,24,0.0353,0.9885,0.0588,0.9823,27.67
lr0.0005_bs128_dr0.0_ls0.0,42,25,0.0360,0.9886,0.0547,0.9846,27.67
lr0.0005_bs128_dr0.0_ls0.0,42,26,0.0306,0.9906,0.0489,0.9864,27.66
lr0.0005_bs128_dr0.0_ls0.0,42,27,0.0327,0.9899,0.0797,0.9775,27.65
lr0.0005_bs128_dr0.0_ls0.0,42,28,0.0319,0.9902,0.0544,0.9840,27.69
lr0.0005_bs128_dr0.0_ls0.0,42,29,0.0295,0.9908,0.0556,0.9846,27.51
lr0.0005_bs128_dr0.0_ls0.0,42,30,0.0272,0.9913,0.0468,0.9864,27.58
lr0.0005_bs128_dr0.0_ls0.0,42,31,0.0241,0.9927,0.0529,0.9845,27.88
lr0.0005_bs128_dr0.0_ls0.0,42,32,0.0268,0.9914,0.0585,0.9837,28.35
lr0.0005_bs128_dr0.0_ls0.0,42,33,0.0273,0.9918,0.0475,0.9853,28.30
lr0.0005_bs128_dr0.0_ls0.0,42,34,0.0268,0.9918,0.0472,0.9865,28.08
lr0.0005_bs128_dr0.0_ls0.0,42,35,0.0233,0.9927,0.0526,0.9855,28.07
lr0.0005_bs128_dr0.0_ls0.0,42,36,0.0239,0.9924,0.0493,0.9867,28.07
lr0.0005_bs128_dr0.0_ls0.0,42,37,0.0140,0.9955,0.0310,0.9917,28.07
lr0.0005_bs128_dr0.0_ls0.0,42,38,0.0102,0.9967,0.0287,0.9922,27.89
lr0.0005_bs128_dr0.0_ls0.0,42,39,0.0096,0.9969,0.0335,0.9909,27.87
lr0.0005_bs128_dr0.0_ls0.0,42,40,0.0115,0.9961,0.0319,0.9908,27.85
lr0.0005_bs128_dr0.0_ls0.0,42,41,0.0100,0.9968,0.0339,0.9909,27.86
lr0.0005_bs128_dr0.0_ls0.0,42,42,0.0100,0.9969,0.0308,0.9921,27.87
lr0.0005_bs128_dr0.0_ls0.0,42,43,0.0100,0.9967,0.0316,0.9924,27.91
lr0.0005_bs128_dr0.0_ls0.0,42,44,0.0086,0.9972,0.0320,0.9918,27.74
lr0.0005_bs128_dr0.0_ls0.0,42,45,0.0060,0.9981,0.0265,0.9942,27.74
lr0.0005_bs128_dr0.0_ls0.0,42,46,0.0050,0.9986,0.0271,0.9926,27.82
lr0.0005_bs128_dr0.0_ls0.0,42,47,0.0049,0.9984,0.0268,0.9934,28.10
lr0.0005_bs128_dr0.0_ls0.0,42,48,0.0057,0.9983,0.0318,0.9923,28.09
lr0.0005_bs128_dr0.0_ls0.0,42,49,0.0056,0.9983,0.0255,0.9932,28.11
lr0.0005_bs128_dr0.0_ls0.0,42,50,0.0041,0.9988,0.0284,0.9928,28.16
lr0.0005_bs128_dr0.0_ls0.0,42,51,0.0045,0.9985,0.0258,0.9935,28.23
lr0.0005_bs128_dr0.0_ls0.0,42,52,0.0036,0.9988,0.0271,0.9933,28.29
lr0.0005_bs128_dr0.0_ls0.0,42,53,0.0045,0.9987,0.0265,0.9933,28.30
lr0.0005_bs128_dr0.0_ls0.0,42,54,0.0046,0.9986,0.0274,0.9936,28.27
lr0.0005_bs128_dr0.0_ls0.0,42,55,0.0040,0.9989,0.0231,0.9937,28.27
lr0.0005_bs128_dr0.0_ls0.0,42,56,0.0031,0.9991,0.0254,0.9939,28.27
lr0.0005_bs128_dr0.0_ls0.0,42,57,0.0038,0.9988,0.0280,0.9923,28.27
lr0.0005_bs128_dr0.0_ls0.0,42,58,0.0042,0.9984,0.0312,0.9928,28.26
lr0.0005_bs128_dr0.0_ls0.0,42,59,0.0039,0.9986,0.0270,0.9940,28.27
lr0.0005_bs128_dr0.0_ls0.0,42,60,0.0038,0.9988,0.0268,0.9937,28.24
lr0.0005_bs128_dr0.0_ls0.0,42,61,0.0032,0.9991,0.0282,0.9933,28.23
lr0.0005_bs128_dr0.0_ls0.0,42,62,0.0031,0.9990,0.0286,0.9942,28.00
lr0.0005_bs128_dr0.0_ls0.0,42,63,0.0022,0.9993,0.0236,0.9939,28.03
lr0.0005_bs128_dr0.0_ls0.0,42,64,0.0021,0.9994,0.0276,0.9942,28.01
lr0.0005_bs128_dr0.0_ls0.0,42,65,0.0022,0.9993,0.0263,0.9940,28.00
lr0.0005_bs128_dr0.0_ls0.0,42,66,0.0017,0.9994,0.0271,0.9942,27.99
lr0.0005_bs128_dr0.0_ls0.0,42,67,0.0021,0.9994,0.0271,0.9945,27.98
lr0.0005_bs128_dr0.0_ls0.0,42,68,0.0016,0.9996,0.0260,0.9939,27.99
lr0.0005_bs128_dr0.0_ls0.0,42,69,0.0013,0.9996,0.0229,0.9947,28.01
lr0.0005_bs128_dr0.0_ls0.0,42,70,0.0016,0.9995,0.0238,0.9951,28.00
lr0.0005_bs128_dr0.0_ls0.0,42,71,0.0014,0.9996,0.0232,0.9942,27.98
lr0.0005_bs128_dr0.0_ls0.0,42,72,0.0015,0.9996,0.0245,0.9943,27.97
lr0.0005_bs128_dr0.0_ls0.0,42,73,0.0011,0.9997,0.0238,0.9945,27.97
lr0.0005_bs128_dr0.0_ls0.0,42,74,0.0013,0.9996,0.0225,0.9946,27.90
lr0.0005_bs128_dr0.0_ls0.0,42,75,0.0010,0.9997,0.0237,0.9950,27.72
lr0.0005_bs128_dr0.0_ls0.0,42,76,0.0012,0.9997,0.0237,0.9948,27.60
lr0.0005_bs128_dr0.0_ls0.0,42,77,0.0011,0.9997,0.0243,0.9948,27.64
lr0.0005_bs128_dr0.0_ls0.0,42,78,0.0011,0.9997,0.0233,0.9947,27.64
lr0.0005_bs128_dr0.0_ls0.0,42,79,0.0010,0.9997,0.0250,0.9946,27.64
lr0.0005_bs128_dr0.0_ls0.0,42,80,0.0011,0.9997,0.0218,0.9955,27.69
lr0.0005_bs128_dr0.0_ls0.0,42,81,0.0013,0.9996,0.0255,0.9943,27.84
lr0.0005_bs128_dr0.0_ls0.0,42,82,0.0012,0.9997,0.0252,0.9947,27.80
lr0.0005_bs128_dr0.0_ls0.0,42,83,0.0010,0.9997,0.0239,0.9948,27.81
lr0.0005_bs128_dr0.0_ls0.0,42,84,0.0011,0.9997,0.0232,0.9950,27.79
lr0.0005_bs128_dr0.0_ls0.0,42,85,0.0010,0.9998,0.0246,0.9945,27.80
lr0.0005_bs128_dr0.0_ls0.0,42,86,0.0011,0.9997,0.0226,0.9949,27.83
lr0.0005_bs128_dr0.0_ls0.0,42,87,0.0010,0.9997,0.0243,0.9944,27.81
lr0.0005_bs128_dr0.0_ls0.0,42,88,0.0009,0.9997,0.0235,0.9942,27.80
lr0.0005_bs128_dr0.0_ls0.0,42,89,0.0010,0.9998,0.0227,0.9949,27.80
lr0.0005_bs128_dr0.0_ls0.0,42,90,0.0009,0.9998,0.0237,0.9947,27.81
lr0.0005_bs128_dr0.0_ls0.0,42,91,0.0009,0.9998,0.0223,0.9953,27.80
lr0.0005_bs128_dr0.0_ls0.0,42,92,0.0007,0.9998,0.0250,0.9953,27.80
lr0.0005_bs128_dr0.0_ls0.0,42,93,0.0007,0.9998,0.0228,0.9951,27.63
lr0.0005_bs128_dr0.0_ls0.0,42,94,0.0009,0.9998,0.0198,0.9958,27.51
lr0.0005_bs128_dr0.0_ls0.0,42,95,0.0006,0.9999,0.0227,0.9952,27.69
lr0.0005_bs128_dr0.0_ls0.0,42,96,0.0009,0.9998,0.0240,0.9946,28.12
lr0.0005_bs128_dr0.0_ls0.0,42,97,0.0007,0.9998,0.0233,0.9950,28.10
lr0.0005_bs128_dr0.0_ls0.0,42,98,0.0008,0.9998,0.0224,0.9952,27.91
lr0.0005_bs128_dr0.0_ls0.0,42,99,0.0006,0.9998,0.0232,0.9953,27.91
lr0.0005_bs128_dr0.0_ls0.0,42,100,0.0007,0.9999,0.0257,0.9945,27.91
lr0.0005_bs128_dr0.0_ls0.1,42,1,3.7253,0.4244,2.0640,0.6429,28.03
lr0.0005_bs128_dr0.0_ls0.1,42,2,1.3453,0.8403,1.2654,0.8678,28.02
lr0.0005_bs128_dr0.0_ls0.1,42,3,1.0211,0.9340,1.0374,0.9196,28.01
lr0.0005_bs128_dr0.0_ls0.1,42,4,0.9050,0.9626,0.9159,0.9582,28.02
lr0.0005_bs128_dr0.0_ls0.1,42,5,0.8595,0.9726,0.8612,0.9681,28.04
lr0.0005_bs128_dr0.0_ls0.1,42,6,0.8339,0.9774,0.8624,0.9680,28.03
lr0.0005_bs128_dr0.0_ls0.1,42,7,0.8189,0.9792,0.8245,0.9757,28.04
lr0.0005_bs128_dr0.0_ls0.1,42,8,0.7997,0.9836,0.8051,0.9803,28.03
lr0.0005_bs128_dr0.0_ls0.1,42,9,0.7891,0.9849,0.7963,0.9813,28.35
lr0.0005_bs128_dr0.0_ls0.1,42,10,0.7802,0.9862,0.7970,0.9789,28.47
lr0.0005_bs128_dr0.0_ls0.1,42,11,0.7769,0.9866,0.7892,0.9816,28.43
lr0.0005_bs128_dr0.0_ls0.1,42,12,0.7672,0.9878,0.7753,0.9839,28.43
lr0.0005_bs128_dr0.0_ls0.1,42,13,0.7627,0.9884,0.7942,0.9841,28.20
lr0.0005_bs128_dr0.0_ls0.1,42,14,0.7571,0.9893,0.7747,0.9839,28.00
lr0.0005_bs128_dr0.0_ls0.1,42,15,0.7517,0.9905,0.7681,0.9837,27.97
lr0.0005_bs128_dr0.0_ls0.1,42,16,0.7502,0.9902,0.7604,0.9869,27.81
lr0.0005_bs128_dr0.0_ls0.1,42,17,0.7461,0.9910,0.7663,0.9842,27.92
lr0.0005_bs128_dr0.0_ls0.1,42,18,0.7450,0.9909,0.7513,0.9883,28.08
lr0.0005_bs128_dr0.0_ls0.1,42,19,0.7425,0.9907,0.7519,0.9882,28.15
lr0.0005_bs128_dr0.0_ls0.1,42,20,0.7395,0.9918,0.7506,0.9873,28.93
lr0.0005_bs128_dr0.0_ls0.1,42,21,0.7358,0.9924,0.7415,0.9898,28.88
lr0.0005_bs128_dr0.0_ls0.1,42,22,0.7358,0.9920,0.7422,0.9883,28.62
lr0.0005_bs128_dr0.0_ls0.1,42,23,0.7325,0.9927,0.7479,0.9878,28.40
lr0.0005_bs128_dr0.0_ls0.1,42,24,0.7320,0.9931,0.7363,0.9902,28.38
lr0.0005_bs128_dr0.0_ls0.1,42,25,0.7308,0.9931,0.7474,0.9878,28.14
lr0.0005_bs128_dr0.0_ls0.1,42,26,0.7287,0.9932,0.7347,0.9906,28.16
lr0.0005_bs128_dr0.0_ls0.1,42,27,0.7254,0.9942,0.7380,0.9894,27.95
lr0.0005_bs128_dr0.0_ls0.1,42,28,0.7254,0.9937,0.7404,0.9889,27.78
lr0.0005_bs128_dr0.0_ls0.1,42,29,0.7238,0.9939,0.7410,0.9867,27.61
lr0.0005_bs128_dr0.0_ls0.1,42,30,0.7240,0.9941,0.7357,0.9898,27.64
lr0.0005_bs128_dr0.0_ls0.1,42,31,0.7185,0.9956,0.7358,0.9901,27.65
lr0.0005_bs128_dr0.0_ls0.1,42,32,0.7210,0.9947,0.7463,0.9850,27.65
lr0.0005_bs128_dr0.0_ls0.1,42,33,0.7096,0.9972,0.7186,0.9926,27.64
lr0.0005_bs128_dr0.0_ls0.1,42,34,0.7076,0.9976,0.7174,0.9927,27.82
lr0.0005_bs128_dr0.0_ls0.1,42,35,0.7054,0.9979,0.7187,0.9928,28.51
lr0.0005_bs128_dr0.0_ls0.1,42,36,0.7071,0.9975,0.7182,0.9928,28.61
lr0.0005_bs128_dr0.0_ls0.1,42,37,0.7070,0.9974,0.7176,0.9933,28.38
lr0.0005_bs128_dr0.0_ls0.1,42,38,0.7076,0.9972,0.7160,0.9932,27.93
lr0.0005_bs128_dr0.0_ls0.1,42,39,0.7056,0.9978,0.7182,0.9929,27.94
lr0.0005_bs128_dr0.0_ls0.1,42,40,0.7061,0.9975,0.7177,0.9928,27.56
lr0.0005_bs128_dr0.0_ls0.1,42,41,0.7045,0.9979,0.7145,0.9935,27.56
lr0.0005_bs128_dr0.0_ls0.1,42,42,0.7056,0.9975,0.7184,0.9925,27.57
lr0.0005_bs128_dr0.0_ls0.1,42,43,0.7047,0.9980,0.7153,0.9931,27.58
lr0.0005_bs128_dr0.0_ls0.1,42,44,0.7052,0.9974,0.7175,0.9932,27.57
lr0.0005_bs128_dr0.0_ls0.1,42,45,0.7043,0.9979,0.7150,0.9941,27.59
lr0.0005_bs128_dr0.0_ls0.1,42,46,0.7034,0.9982,0.7168,0.9933,27.63
lr0.0005_bs128_dr0.0_ls0.1,42,47,0.7040,0.9979,0.7169,0.9933,27.63
lr0.0005_bs128_dr0.0_ls0.1,42,48,0.7011,0.9985,0.7140,0.9937,27.41
lr0.0005_bs128_dr0.0_ls0.1,42,49,0.6995,0.9990,0.7100,0.9946,27.43
lr0.0005_bs128_dr0.0_ls0.1,42,50,0.6991,0.9990,0.7107,0.9944,27.42
lr0.0005_bs128_dr0.0_ls0.1,42,51,0.6993,0.9988,0.7116,0.9942,27.43
lr0.0005_bs128_dr0.0_ls0.1,42,52,0.6985,0.9992,0.7106,0.9946,27.41
lr0.0005_bs128_dr0.0_ls0.1,42,53,0.6992,0.9989,0.7119,0.9942,27.26
lr0.0005_bs128_dr0.0_ls0.1,42,54,0.6989,0.9990,0.7111,0.9942,27.30
lr0.0005_bs128_dr0.0_ls0.1,42,55,0.6983,0.9992,0.7103,0.9946,27.50
lr0.0005_bs128_dr0.0_ls0.1,42,56,0.6971,0.9995,0.7103,0.9947,27.91
lr0.0005_bs128_dr0.0_ls0.1,42,57,0.6971,0.9995,0.7100,0.9946,27.93
lr0.0005_bs128_dr0.0_ls0.1,42,58,0.6971,0.9994,0.7097,0.9948,27.90
lr0.0005_bs128_dr0.0_ls0.1,42,59,0.6967,0.9996,0.7087,0.9953,27.90
lr0.0005_bs128_dr0.0_ls0.1,42,60,0.6964,0.9996,0.7110,0.9940,27.90
lr0.0005_bs128_dr0.0_ls0.1,42,61,0.6967,0.9995,0.7089,0.9949,27.89
lr0.0005_bs128_dr0.0_ls0.1,42,62,0.6969,0.9994,0.7095,0.9943,27.91
lr0.0005_bs128_dr0.0_ls0.1,42,63,0.6964,0.9995,0.7089,0.9947,27.90
lr0.0005_bs128_dr0.0_ls0.1,42,64,0.6962,0.9996,0.7097,0.9949,27.90
lr0.0005_bs128_dr0.0_ls0.1,42,65,0.6965,0.9994,0.7084,0.9953,27.90
lr0.0005_bs128_dr0.0_ls0.1,42,66,0.6960,0.9997,0.7089,0.9952,27.91
lr0.0005_bs128_dr0.0_ls0.1,42,67,0.6963,0.9995,0.7093,0.9947,27.91
lr0.0005_bs128_dr0.0_ls0.1,42,68,0.6961,0.9996,0.7083,0.9953,28.16
lr0.0005_bs128_dr0.0_ls0.1,42,69,0.6963,0.9996,0.7095,0.9947,28.64
lr0.0005_bs128_dr0.0_ls0.1,42,70,0.6959,0.9996,0.7075,0.9953,28.58
lr0.0005_bs128_dr0.0_ls0.1,42,71,0.6959,0.9996,0.7090,0.9949,28.16
lr0.0005_bs128_dr0.0_ls0.1,42,72,0.6959,0.9996,0.7091,0.9951,28.16
lr0.0005_bs128_dr0.0_ls0.1,42,73,0.6958,0.9996,0.7097,0.9952,27.99
lr0.0005_bs128_dr0.0_ls0.1,42,74,0.6959,0.9995,0.7091,0.9946,27.99
lr0.0005_bs128_dr0.0_ls0.1,42,75,0.6957,0.9997,0.7086,0.9948,28.01
lr0.0005_bs128_dr0.0_ls0.1,42,76,0.6958,0.9996,0.7088,0.9947,28.01
lr0.0005_bs128_dr0.0_ls0.1,42,77,0.6952,0.9997,0.7082,0.9953,28.05
lr0.0005_bs128_dr0.0_ls0.1,42,78,0.6950,0.9998,0.7070,0.9954,28.05
lr0.0005_bs128_dr0.0_ls0.1,42,79,0.6951,0.9998,0.7078,0.9954,28.08
lr0.0005_bs128_dr0.0_ls0.1,42,80,0.6952,0.9997,0.7083,0.9953,28.07
lr0.0005_bs128_dr0.0_ls0.1,42,81,0.6951,0.9997,0.7078,0.9953,28.05
lr0.0005_bs128_dr0.0_ls0.1,42,82,0.6951,0.9998,0.7086,0.9947,28.07
lr0.0005_bs128_dr0.0_ls0.1,42,83,0.6950,0.9998,0.7078,0.9956,28.09
lr0.0005_bs128_dr0.0_ls0.1,42,84,0.6948,0.9998,0.7067,0.9958,28.30
lr0.0005_bs128_dr0.0_ls0.1,42,85,0.6950,0.9998,0.7070,0.9958,28.60
lr0.0005_bs128_dr0.0_ls0.1,42,86,0.6950,0.9998,0.7058,0.9962,28.35
lr0.0005_bs128_dr0.0_ls0.1,42,87,0.6950,0.9998,0.7077,0.9956,28.11
lr0.0005_bs128_dr0.0_ls0.1,42,88,0.6948,0.9999,0.7058,0.9958,28.12
lr0.0005_bs128_dr0.0_ls0.1,42,89,0.6951,0.9997,0.7067,0.9956,27.91
lr0.0005_bs128_dr0.0_ls0.1,42,90,0.6949,0.9998,0.7085,0.9949,27.94
lr0.0005_bs128_dr0.0_ls0.1,42,91,0.6947,0.9998,0.7062,0.9965,27.95
lr0.0005_bs128_dr0.0_ls0.1,42,92,0.6947,0.9999,0.7088,0.9953,27.96
lr0.0005_bs128_dr0.0_ls0.1,42,93,0.6946,0.9999,0.7073,0.9954,27.96
lr0.0005_bs128_dr0.0_ls0.1,42,94,0.6945,0.9998,0.7062,0.9955,27.97
lr0.0005_bs128_dr0.0_ls0.1,42,95,0.6945,0.9999,0.7074,0.9953,27.98
lr0.0005_bs128_dr0.0_ls0.1,42,96,0.6946,0.9998,0.7062,0.9957,27.94
lr0.0005_bs128_dr0.0_ls0.1,42,97,0.6944,0.9999,0.7070,0.9955,27.95
lr0.0005_bs128_dr0.0_ls0.1,42,98,0.6944,0.9998,0.7059,0.9959,27.94
lr0.0005_bs128_dr0.0_ls0.1,42,99,0.6944,0.9999,0.7060,0.9957,27.95
lr0.0005_bs128_dr0.0_ls0.1,42,100,0.6944,0.9999,0.7073,0.9956,27.97
lr0.0005_bs128_dr0.1_ls0.0,42,1,3.4960,0.3918,1.2054,0.6723,29.13
lr0.0005_bs128_dr0.1_ls0.0,42,2,0.5906,0.8297,0.4426,0.8698,29.13
lr0.0005_bs128_dr0.1_ls0.0,42,3,0.2936,0.9123,0.4768,0.8672,29.14
lr0.0005_bs128_dr0.1_ls0.0,42,4,0.1958,0.9412,0.2262,0.9337,29.28
lr0.0005_bs128_dr0.1_ls0.0,42,5,0.1430,0.9569,0.1419,0.9558,29.38
lr0.0005_bs128_dr0.1_ls0.0,42,6,0.1241,0.9627,0.1731,0.9493,29.37
lr0.0005_bs128_dr0.1_ls0.0,42,7,0.1100,0.9661,0.1707,0.9509,29.38
lr0.0005_bs128_dr0.1_ls0.0,42,8,0.0962,0.9708,0.1289,0.9609,29.36
lr0.0005_bs128_dr0.1_ls0.0,42,9,0.0866,0.9734,0.1496,0.9568,29.34
lr0.0005_bs128_dr0.1_ls0.0,42,10,0.0806,0.9755,0.1098,0.9670,29.34
lr0.0005_bs128_dr0.1_ls0.0,42,11,0.0822,0.9748,0.0981,0.9693,29.08
lr0.0005_bs128_dr0.1_ls0.0,42,12,0.0682,0.9785,0.1024,0.9705,29.09
lr0.0005_bs128_dr0.1_ls0.0,42,13,0.0689,0.9789,0.1082,0.9701,29.10
lr0.0005_bs128_dr0.1_ls0.0,42,14,0.0609,0.9812,0.0876,0.9759,28.88
lr0.0005_bs128_dr0.1_ls0.0,42,15,0.0598,0.9811,0.0843,0.9740,28.90
lr0.0005_bs128_dr0.1_ls0.0,42,16,0.0573,0.9824,0.1014,0.9721,28.93
lr0.0005_bs128_dr0.1_ls0.0,42,17,0.0569,0.9822,0.0860,0.9743,28.97
lr0.0005_bs128_dr0.1_ls0.0,42,18,0.0539,0.9836,0.0781,0.9773,28.98
lr0.0005_bs128_dr0.1_ls0.0,42,19,0.0483,0.9850,0.0777,0.9785,29.40
lr0.0005_bs128_dr0.1_ls0.0,42,20,0.0495,0.9846,0.0872,0.9766,30.18
lr0.0005_bs128_dr0.1_ls0.0,42,21,0.0459,0.9860,0.0556,0.9844,30.09
lr0.0005_bs128_dr0.1_ls0.0,42,22,0.0425,0.9869,0.0642,0.9823,29.01
lr0.0005_bs128_dr0.1_ls0.0,42,23,0.0421,0.9870,0.0850,0.9769,29.03
lr0.0005_bs128_dr0.1_ls0.0,42,24,0.0394,0.9873,0.0625,0.9803,29.05
lr0.0005_bs128_dr0.1_ls0.0,42,25,0.0411,0.9870,0.0625,0.9827,29.08
lr0.0005_bs128_dr0.1_ls0.0,42,26,0.0369,0.9882,0.0520,0.9854,29.08
lr0.0005_bs128_dr0.1_ls0.0,42,27,0.0366,0.9881,0.0711,0.9801,29.14
lr0.0005_bs128_dr0.1_ls0.0,42,28,0.0353,0.9890,0.0547,0.9847,29.26
lr0.0005_bs128_dr0.1_ls0.0,42,29,0.0318,0.9904,0.0647,0.9829,29.38
lr0.0005_bs128_dr0.1_ls0.0,42,30,0.0339,0.9894,0.0551,0.9838,29.53
lr0.0005_bs128_dr0.1_ls0.0,42,31,0.0285,0.9908,0.0651,0.9826,29.48
lr0.0005_bs128_dr0.1_ls0.0,42,32,0.0324,0.9897,0.0568,0.9841,29.27
lr0.0005_bs128_dr0.1_ls0.0,42,33,0.0193,0.9939,0.0377,0.9898,29.25
lr0.0005_bs128_dr0.1_ls0.0,42,34,0.0144,0.9955,0.0419,0.9890,29.28
lr0.0005_bs128_dr0.1_ls0.0,42,35,0.0131,0.9957,0.0394,0.9892,29.24
lr0.0005_bs128_dr0.1_ls0.0,42,36,0.0142,0.9957,0.0367,0.9905,29.27
lr0.0005_bs128_dr0.1_ls0.0,42,37,0.0160,0.9950,0.0415,0.9888,29.29
lr0.0005_bs128_dr0.1_ls0.0,42,38,0.0133,0.9957,0.0324,0.9909,29.28
lr0.0005_bs128_dr0.1_ls0.0,42,39,0.0141,0.9955,0.0353,0.9900,29.27
lr0.0005_bs128_dr0.1_ls0.0,42,40,0.0141,0.9953,0.0380,0.9902,29.28
lr0.0005_bs128_dr0.1_ls0.0,42,41,0.0125,0.9960,0.0372,0.9910,29.32
lr0.0005_bs128_dr0.1_ls0.0,42,42,0.0124,0.9962,0.0343,0.9908,29.30
lr0.0005_bs128_dr0.1_ls0.0,42,43,0.0122,0.9963,0.0431,0.9886,29.31
lr0.0005_bs128_dr0.1_ls0.0,42,44,0.0133,0.9958,0.0400,0.9901,29.30
lr0.0005_bs128_dr0.1_ls0.0,42,45,0.0088,0.9973,0.0314,0.9914,29.32
lr0.0005_bs128_dr0.1_ls0.0,42,46,0.0063,0.9979,0.0326,0.9915,29.29
lr0.0005_bs128_dr0.1_ls0.0,42,47,0.0078,0.9974,0.0334,0.9912,29.27
lr0.0005_bs128_dr0.1_ls0.0,42,48,0.0074,0.9977,0.0344,0.9914,29.29
lr0.0005_bs128_dr0.1_ls0.0,42,49,0.0064,0.9982,0.0331,0.9921,29.21
lr0.0005_bs128_dr0.1_ls0.0,42,50,0.0061,0.9981,0.0296,0.9921,29.19
lr0.0005_bs128_dr0.1_ls0.0,42,51,0.0061,0.9980,0.0331,0.9916,29.21
lr0.0005_bs128_dr0.1_ls0.0,42,52,0.0055,0.9984,0.0338,0.9915,28.99
lr0.0005_bs128_dr0.1_ls0.0,42,53,0.0058,0.9983,0.0351,0.9912,28.83
lr0.0005_bs128_dr0.1_ls0.0,42,54,0.0058,0.9981,0.0354,0.9903,28.85
lr0.0005_bs128_dr0.1_ls0.0,42,55,0.0064,0.9982,0.0303,0.9922,28.83
lr0.0005_bs128_dr0.1_ls0.0,42,56,0.0043,0.9985,0.0297,0.9923,28.86
lr0.0005_bs128_dr0.1_ls0.0,42,57,0.0044,0.9987,0.0305,0.9927,28.81
lr0.0005_bs128_dr0.1_ls0.0,42,58,0.0037,0.9989,0.0328,0.9924,28.69
lr0.0005_bs128_dr0.1_ls0.0,42,59,0.0033,0.9991,0.0317,0.9931,28.78
lr0.0005_bs128_dr0.1_ls0.0,42,60,0.0028,0.9992,0.0325,0.9925,28.87
lr0.0005_bs128_dr0.1_ls0.0,42,61,0.0035,0.9990,0.0296,0.9930,28.84
lr0.0005_bs128_dr0.1_ls0.0,42,62,0.0033,0.9991,0.0296,0.9931,28.88
lr0.0005_bs128_dr0.1_ls0.0,42,63,0.0029,0.9991,0.0274,0.9930,28.84
lr0.0005_bs128_dr0.1_ls0.0,42,64,0.0027,0.9991,0.0298,0.9926,28.84
lr0.0005_bs128_dr0.1_ls0.0,42,65,0.0028,0.9991,0.0285,0.9928,28.80
lr0.0005_bs128_dr0.1_ls0.0,42,66,0.0024,0.9992,0.0275,0.9935,28.65
lr0.0005_bs128_dr0.1_ls0.0,42,67,0.0025,0.9993,0.0274,0.9935,28.50
lr0.0005_bs128_dr0.1_ls0.0,42,68,0.0021,0.9994,0.0304,0.9924,28.51
lr0.0005_bs128_dr0.1_ls0.0,42,69,0.0023,0.9993,0.0276,0.9933,28.54
lr0.0005_bs128_dr0.1_ls0.0,42,70,0.0023,0.9994,0.0271,0.9940,28.99
lr0.0005_bs128_dr0.1_ls0.0,42,71,0.0023,0.9993,0.0259,0.9933,29.55
lr0.0005_bs128_dr0.1_ls0.0,42,72,0.0025,0.9992,0.0290,0.9928,29.49
lr0.0005_bs128_dr0.1_ls0.0,42,73,0.0020,0.9993,0.0274,0.9933,28.51
lr0.0005_bs128_dr0.1_ls0.0,42,74,0.0023,0.9993,0.0304,0.9931,28.27
lr0.0005_bs128_dr0.1_ls0.0,42,75,0.0018,0.9995,0.0281,0.9930,28.40
lr0.0005_bs128_dr0.1_ls0.0,42,76,0.0019,0.9992,0.0302,0.9931,28.66
lr0.0005_bs128_dr0.1_ls0.0,42,77,0.0018,0.9994,0.0279,0.9936,28.63
lr0.0005_bs128_dr0.1_ls0.0,42,78,0.0020,0.9994,0.0268,0.9935,28.62
lr0.0005_bs128_dr0.1_ls0.0,42,79,0.0016,0.9996,0.0310,0.9926,28.67
lr0.0005_bs128_dr0.1_ls0.0,42,80,0.0018,0.9995,0.0258,0.9942,28.68
lr0.0005_bs128_dr0.1_ls0.0,42,81,0.0019,0.9995,0.0268,0.9931,28.99
lr0.0005_bs128_dr0.1_ls0.0,42,82,0.0017,0.9995,0.0270,0.9932,29.40
lr0.0005_bs128_dr0.1_ls0.0,42,83,0.0015,0.9996,0.0255,0.9942,28.99
lr0.0005_bs128_dr0.1_ls0.0,42,84,0.0019,0.9995,0.0276,0.9938,28.52
lr0.0005_bs128_dr0.1_ls0.0,42,85,0.0017,0.9995,0.0258,0.9937,28.54
lr0.0005_bs128_dr0.1_ls0.0,42,86,0.0022,0.9995,0.0269,0.9932,29.03
lr0.0005_bs128_dr0.1_ls0.0,42,87,0.0017,0.9995,0.0259,0.9937,29.28
lr0.0005_bs128_dr0.1_ls0.0,42,88,0.0015,0.9995,0.0282,0.9933,29.28
lr0.0005_bs128_dr0.1_ls0.0,42,89,0.0019,0.9994,0.0289,0.9927,29.27
lr0.0005_bs128_dr0.1_ls0.0,42,90,0.0020,0.9994,0.0292,0.9933,28.41
lr0.0005_bs128_dr0.1_ls0.0,42,91,0.0015,0.9996,0.0271,0.9939,28.46
lr0.0005_bs128_dr0.1_ls0.0,42,92,0.0017,0.9996,0.0291,0.9930,28.51
lr0.0005_bs128_dr0.1_ls0.0,42,93,0.0017,0.9994,0.0293,0.9935,29.01
lr0.0005_bs128_dr0.1_ls0.0,42,94,0.0018,0.9996,0.0254,0.9940,29.17
lr0.0005_bs128_dr0.1_ls0.0,42,95,0.0015,0.9996,0.0270,0.9935,29.15
lr0.0005_bs128_dr0.1_ls0.0,42,96,0.0019,0.9994,0.0292,0.9932,29.15
lr0.0005_bs128_dr0.1_ls0.0,42,97,0.0016,0.9995,0.0296,0.9933,29.00
lr0.0005_bs128_dr0.1_ls0.0,42,98,0.0015,0.9996,0.0276,0.9942,29.00
lr0.0005_bs128_dr0.1_ls0.0,42,99,0.0014,0.9996,0.0272,0.9933,29.15
lr0.0005_bs128_dr0.1_ls0.0,42,100,0.0013,0.9997,0.0293,0.9933,29.21
lr0.0005_bs128_dr0.1_ls0.1,42,1,3.9686,0.3662,1.7486,0.6945,29.43
lr0.0005_bs128_dr0.1_ls0.1,42,2,1.4198,0.8049,1.2122,0.8756,29.55
lr0.0005_bs128_dr0.1_ls0.1,42,3,1.0844,0.9139,1.2778,0.8338,29.52
lr0.0005_bs128_dr0.1_ls0.1,42,4,0.9643,0.9503,0.9577,0.9479,29.48
lr0.0005_bs128_dr0.1_ls0.1,42,5,0.9071,0.9634,0.9135,0.9572,29.26
lr0.0005_bs128_dr0.1_ls0.1,42,6,0.8769,0.9693,0.9063,0.9569,29.23
lr0.0005_bs128_dr0.1_ls0.1,42,7,0.8555,0.9729,0.8902,0.9615,29.08
lr0.0005_bs128_dr0.1_ls0.1,42,8,0.8354,0.9777,0.8515,0.9693,29.69
lr0.0005_bs128_dr0.1_ls0.1,42,9,0.8195,0.9802,0.8548,0.9663,30.20
lr0.0005_bs128_dr0.1_ls0.1,42,10,0.8077,0.9823,0.8387,0.9693,29.93
lr0.0005_bs128_dr0.1_ls0.1,42,11,0.8036,0.9824,0.8194,0.9748,29.93
lr0.0005_bs128_dr0.1_ls0.1,42,12,0.7926,0.9844,0.8394,0.9706,29.90
lr0.0005_bs128_dr0.1_ls0.1,42,13,0.7849,0.9858,0.8037,0.9794,29.90
lr0.0005_bs128_dr0.1_ls0.1,42,14,0.7770,0.9865,0.8057,0.9772,29.68
lr0.0005_bs128_dr0.1_ls0.1,42,15,0.7726,0.9873,0.7919,0.9802,29.48
lr0.0005_bs128_dr0.1_ls0.1,42,16,0.7695,0.9874,0.8139,0.9707,29.49
lr0.0005_bs128_dr0.1_ls0.1,42,17,0.7624,0.9892,0.7815,0.9823,29.50
lr0.0005_bs128_dr0.1_ls0.1,42,18,0.7614,0.9890,0.7731,0.9840,29.46
lr0.0005_bs128_dr0.1_ls0.1,42,19,0.7576,0.9890,0.7719,0.9837,29.48
lr0.0005_bs128_dr0.1_ls0.1,42,20,0.7555,0.9896,0.7778,0.9812,29.47
lr0.0005_bs128_dr0.1_ls0.1,42,21,0.7513,0.9901,0.7753,0.9825,29.48
lr0.0005_bs128_dr0.1_ls0.1,42,22,0.7490,0.9902,0.7641,0.9839,29.47
lr0.0005_bs128_dr0.1_ls0.1,42,23,0.7459,0.9907,0.7677,0.9820,29.78
lr0.0005_bs128_dr0.1_ls0.1,42,24,0.7423,0.9919,0.7605,0.9857,29.85
lr0.0005_bs128_dr0.1_ls0.1,42,25,0.7427,0.9912,0.7678,0.9824,29.84
lr0.0005_bs128_dr0.1_ls0.1,42,26,0.7407,0.9916,0.7516,0.9868,29.80
lr0.0005_bs128_dr0.1_ls0.1,42,27,0.7380,0.9918,0.7541,0.9861,29.57
lr0.0005_bs128_dr0.1_ls0.1,42,28,0.7354,0.9926,0.7472,0.9881,29.61
lr0.0005_bs128_dr0.1_ls0.1,42,29,0.7341,0.9927,0.7511,0.9861,29.38
lr0.0005_bs128_dr0.1_ls0.1,42,30,0.7330,0.9927,0.7487,0.9873,29.18
lr0.0005_bs128_dr0.1_ls0.1,42,31,0.7293,0.9937,0.7538,0.9853,29.19
lr0.0005_bs128_dr0.1_ls0.1,42,32,0.7307,0.9934,0.7450,0.9869,29.24
lr0.0005_bs128_dr0.1_ls0.1,42,33,0.7310,0.9933,0.7434,0.9880,29.54
lr0.0005_bs128_dr0.1_ls0.1,42,34,0.7267,0.9943,0.7475,0.9866,29.52
lr0.0005_bs128_dr0.1_ls0.1,42,35,0.7234,0.9950,0.7417,0.9874,29.69
lr0.0005_bs128_dr0.1_ls0.1,42,36,0.7264,0.9942,0.7434,0.9884,30.16
lr0.0005_bs128_dr0.1_ls0.1,42,37,0.7263,0.9937,0.7394,0.9889,29.88
lr0.0005_bs128_dr0.1_ls0.1,42,38,0.7251,0.9939,0.7329,0.9903,29.66
lr0.0005_bs128_dr0.1_ls0.1,42,39,0.7220,0.9950,0.7352,0.9891,29.47
lr0.0005_bs128_dr0.1_ls0.1,42,40,0.7235,0.9942,0.7387,0.9893,29.50
lr0.0005_bs128_dr0.1_ls0.1,42,41,0.7199,0.9956,0.7313,0.9903,29.52
lr0.0005_bs128_dr0.1_ls0.1,42,42,0.7196,0.9952,0.7352,0.9890,29.48
lr0.0005_bs128_dr0.1_ls0.1,42,43,0.7195,0.9952,0.7406,0.9875,29.51
lr0.0005_bs128_dr0.1_ls0.1,42,44,0.7218,0.9943,0.7405,0.9874,29.45
lr0.0005_bs128_dr0.1_ls0.1,42,45,0.7181,0.9955,0.7377,0.9888,29.48
lr0.0005_bs128_dr0.1_ls0.1,42,46,0.7185,0.9950,0.7360,0.9878,29.51
lr0.0005_bs128_dr0.1_ls0.1,42,47,0.7171,0.9956,0.7383,0.9878,29.51
lr0.0005_bs128_dr0.1_ls0.1,42,48,0.7098,0.9974,0.7241,0.9918,29.51
lr0.0005_bs128_dr0.1_ls0.1,42,49,0.7069,0.9981,0.7239,0.9921,29.67
lr0.0005_bs128_dr0.1_ls0.1,42,50,0.7063,0.9981,0.7190,0.9929,29.80
lr0.0005_bs128_dr0.1_ls0.1,42,51,0.7065,0.9981,0.7210,0.9922,29.78
lr0.0005_bs128_dr0.1_ls0.1,42,52,0.7062,0.9980,0.7239,0.9919,29.77
lr0.0005_bs128_dr0.1_ls0.1,42,53,0.7066,0.9979,0.7248,0.9919,29.56
lr0.0005_bs128_dr0.1_ls0.1,42,54,0.7063,0.9980,0.7180,0.9931,29.58
lr0.0005_bs128_dr0.1_ls0.1,42,55,0.7065,0.9979,0.7240,0.9921,29.56
lr0.0005_bs128_dr0.1_ls0.1,42,56,0.7054,0.9981,0.7204,0.9925,29.57
lr0.0005_bs128_dr0.1_ls0.1,42,57,0.7051,0.9982,0.7247,0.9912,29.57
lr0.0005_bs128_dr0.1_ls0.1,42,58,0.7052,0.9983,0.7269,0.9898,29.51
lr0.0005_bs128_dr0.1_ls0.1,42,59,0.7055,0.9980,0.7212,0.9928,29.25
lr0.0005_bs128_dr0.1_ls0.1,42,60,0.7049,0.9981,0.7204,0.9926,29.07
lr0.0005_bs128_dr0.1_ls0.1,42,61,0.7022,0.9990,0.7175,0.9935,29.13
lr0.0005_bs128_dr0.1_ls0.1,42,62,0.7014,0.9989,0.7170,0.9930,29.83
lr0.0005_bs128_dr0.1_ls0.1,42,63,0.7010,0.9992,0.7150,0.9935,30.41
lr0.0005_bs128_dr0.1_ls0.1,42,64,0.7010,0.9990,0.7164,0.9937,30.33
lr0.0005_bs128_dr0.1_ls0.1,42,65,0.7009,0.9991,0.7175,0.9934,30.02
lr0.0005_bs128_dr0.1_ls0.1,42,66,0.7006,0.9993,0.7165,0.9936,29.14
lr0.0005_bs128_dr0.1_ls0.1,42,67,0.7004,0.9992,0.7172,0.9935,28.98
lr0.0005_bs128_dr0.1_ls0.1,42,68,0.7004,0.9992,0.7186,0.9932,29.44
lr0.0005_bs128_dr0.1_ls0.1,42,69,0.7007,0.9990,0.7191,0.9926,30.17
lr0.0005_bs128_dr0.1_ls0.1,42,70,0.6998,0.9994,0.7140,0.9940,30.15
lr0.0005_bs128_dr0.1_ls0.1,42,71,0.6992,0.9994,0.7150,0.9941,29.89
lr0.0005_bs128_dr0.1_ls0.1,42,72,0.6991,0.9994,0.7165,0.9933,29.69
lr0.0005_bs128_dr0.1_ls0.1,42,73,0.6988,0.9996,0.7140,0.9942,29.68
lr0.0005_bs128_dr0.1_ls0.1,42,74,0.6990,0.9994,0.7145,0.9941,29.46
lr0.0005_bs128_dr0.1_ls0.1,42,75,0.6989,0.9994,0.7143,0.9941,29.47
lr0.0005_bs128_dr0.1_ls0.1,42,76,0.6990,0.9994,0.7155,0.9938,29.44
lr0.0005_bs128_dr0.1_ls0.1,42,77,0.6984,0.9996,0.7146,0.9940,29.44
lr0.0005_bs128_dr0.1_ls0.1,42,78,0.6982,0.9997,0.7141,0.9940,29.44
lr0.0005_bs128_dr0.1_ls0.1,42,79,0.6981,0.9996,0.7141,0.9938,29.46
lr0.0005_bs128_dr0.1_ls0.1,42,80,0.6982,0.9995,0.7118,0.9946,29.48
lr0.0005_bs128_dr0.1_ls0.1,42,81,0.6982,0.9996,0.7131,0.9946,29.40
lr0.0005_bs128_dr0.1_ls0.1,42,82,0.6982,0.9997,0.7142,0.9941,29.40
lr0.0005_bs128_dr0.1_ls0.1,42,83,0.6981,0.9997,0.7126,0.9947,29.21
lr0.0005_bs128_dr0.1_ls0.1,42,84,0.6979,0.9997,0.7138,0.9941,29.23
lr0.0005_bs128_dr0.1_ls0.1,42,85,0.6977,0.9997,0.7122,0.9946,29.04
lr0.0005_bs128_dr0.1_ls0.1,42,86,0.6981,0.9996,0.7138,0.9945,29.68
lr0.0005_bs128_dr0.1_ls0.1,42,87,0.6975,0.9998,0.7146,0.9940,30.03
lr0.0005_bs128_dr0.1_ls0.1,42,88,0.6978,0.9997,0.7131,0.9944,30.01
lr0.0005_bs128_dr0.1_ls0.1,42,89,0.6979,0.9996,0.7139,0.9941,29.51
lr0.0005_bs128_dr0.1_ls0.1,42,90,0.6978,0.9997,0.7139,0.9942,29.27
lr0.0005_bs128_dr0.1_ls0.1,42,91,0.6976,0.9998,0.7140,0.9943,29.28
lr0.0005_bs128_dr0.1_ls0.1,42,92,0.6975,0.9998,0.7135,0.9945,29.12
lr0.0005_bs128_dr0.1_ls0.1,42,93,0.6974,0.9998,0.7132,0.9947,29.18
lr0.0005_bs128_dr0.1_ls0.1,42,94,0.6976,0.9997,0.7133,0.9942,29.62
lr0.0005_bs128_dr0.1_ls0.1,42,95,0.6973,0.9998,0.7133,0.9942,29.62
lr0.0005_bs128_dr0.1_ls0.1,42,96,0.6976,0.9998,0.7117,0.9946,29.35
lr0.0005_bs128_dr0.1_ls0.1,42,97,0.6974,0.9998,0.7116,0.9948,29.36
lr0.0005_bs128_dr0.1_ls0.1,42,98,0.6973,0.9998,0.7105,0.9953,29.36
lr0.0005_bs128_dr0.1_ls0.1,42,99,0.6973,0.9998,0.7117,0.9952,29.39
lr0.0005_bs128_dr0.1_ls0.1,42,100,0.6973,0.9998,0.7146,0.9939,29.41
